MM:DD:YYYY hh:mm:ss,Library_Version,Session_type,Device_Number,Battery_Voltage,Motor_Turns,FR,Event,Active_Poke,Left_Poke_Count,Right_Poke_Count,Pellet_Count,Block_Pellet_Count,Retrieval_Time,InterPelletInterval,Poke_Time
12/20/2024 9:33:47,1.16.3,RevT_L,0,4.12,,99,Right,Left,0,1,0,0,,,0.43
12/20/2024 9:34:56,1.16.3,RevT_L,0,4.12,,99,Right,Left,0,2,0,0,,,0.02
12/20/2024 9:34:57,1.16.3,RevT_L,0,4.12,,99,Right,Left,0,3,0,0,,,0.0
12/20/2024 9:35:01,1.16.3,RevT_L,0,4.12,,99,Right,Left,0,4,0,0,,,0.11
12/20/2024 9:35:02,1.16.3,RevT_L,0,4.13,,99,Right,Left,0,5,0,0,,,0.16
12/20/2024 9:35:38,1.16.3,RevT_L,0,4.13,,99,Right,Left,0,6,0,0,,,0.01
12/20/2024 9:38:10,1.16.3,RevT_L,0,4.12,,99,Right,Left,0,7,0,0,,,0.02
12/20/2024 9:39:44,1.16.3,RevT_L,0,4.12,,99,Right,Left,0,8,0,0,,,0.01
12/20/2024 9:42:30,1.16.3,RevT_L,0,4.12,,99,Right,Left,0,9,0,0,,,0.08
12/20/2024 9:44:52,1.16.3,RevT_L,0,4.12,,99,Right,Left,0,10,0,0,,,0.01
12/20/2024 9:44:56,1.16.3,RevT_L,0,4.13,,99,Left,Left,1,10,0,0,,,0.13
12/20/2024 9:44:57,1.16.3,RevT_L,0,4.13,,99,LeftDuringDispense,Left,2,10,0,0,,,0.12
12/20/2024 9:45:03,1.16.3,RevT_L,0,4.12,4.0,99,Pellet,Left,2,10,1,0,0.79,,
12/20/2024 9:46:04,1.16.3,RevT_L,0,4.12,,99,Right,Left,2,11,1,0,,,0.02
12/20/2024 9:46:32,1.16.3,RevT_L,0,4.12,,99,Right,Left,2,12,1,0,,,0.13
12/20/2024 9:46:58,1.16.3,RevT_L,0,4.12,,99,Right,Left,2,13,1,0,,,0.03
12/20/2024 9:47:03,1.16.3,RevT_L,0,4.12,,99,Right,Left,2,14,1,0,,,0.29
12/20/2024 9:47:17,1.16.3,RevT_L,0,4.12,,99,Right,Left,2,15,1,0,,,0.55
12/20/2024 9:53:09,1.16.3,RevT_L,0,4.12,,99,Left,Left,3,15,1,0,,,0.1
12/20/2024 9:53:35,1.16.3,RevT_L,0,4.12,2.0,99,Pellet,Left,3,15,2,0,24.02,511.0,
12/20/2024 9:58:25,1.16.3,RevT_L,0,4.12,,99,Right,Left,3,16,2,0,,,0.04
12/20/2024 9:58:26,1.16.3,RevT_L,0,4.12,,99,Right,Left,3,17,2,0,,,0.14
12/20/2024 10:00:06,1.16.3,RevT_L,0,4.12,,99,Right,Left,3,18,2,0,,,0.35
12/20/2024 10:02:18,1.16.3,RevT_L,0,4.12,,99,Left,Left,4,18,2,0,,,0.2
12/20/2024 10:02:23,1.16.3,RevT_L,0,4.12,2.0,99,Pellet,Left,4,18,3,0,1.28,529.0,
12/20/2024 10:02:47,1.16.3,RevT_L,0,4.12,,99,Right,Left,4,19,3,0,,,0.18
12/20/2024 10:02:51,1.16.3,RevT_L,0,4.12,,99,Left,Left,5,19,3,0,,,0.04
12/20/2024 10:02:53,1.16.3,RevT_L,0,4.12,1.0,99,Pellet,Left,5,19,4,0,1.22,30.0,
12/20/2024 10:03:13,1.16.3,RevT_L,0,4.12,,99,Right,Left,5,20,4,0,,,0.19
12/20/2024 10:03:17,1.16.3,RevT_L,0,4.12,,99,Right,Left,5,21,4,0,,,0.16
12/20/2024 10:03:18,1.16.3,RevT_L,0,4.12,,99,Right,Left,5,22,4,0,,,0.15
12/20/2024 10:09:32,1.16.3,RevT_L,0,4.12,,99,Right,Left,5,23,4,0,,,0.13
12/20/2024 10:11:51,1.16.3,RevT_L,0,4.12,,99,Right,Left,5,24,4,0,,,0.15
12/20/2024 10:11:59,1.16.3,RevT_L,0,4.12,,99,Right,Left,5,25,4,0,,,0.13
12/20/2024 10:12:00,1.16.3,RevT_L,0,4.12,,99,Right,Left,5,26,4,0,,,0.34
12/20/2024 10:12:04,1.16.3,RevT_L,0,4.12,,99,Left,Left,6,26,4,0,,,0.4
12/20/2024 10:12:08,1.16.3,RevT_L,0,4.12,1.0,99,Pellet,Left,6,26,5,0,3.24,555.0,
12/20/2024 10:12:46,1.16.3,RevT_L,0,4.12,,99,Right,Left,6,27,5,0,,,0.02
12/20/2024 10:24:11,1.16.3,RevT_L,0,4.12,,99,Right,Left,6,28,5,0,,,0.14
12/20/2024 10:24:14,1.16.3,RevT_L,0,4.12,,99,Left,Left,7,28,5,0,,,0.03
12/20/2024 10:24:16,1.16.3,RevT_L,0,4.12,1.0,99,Pellet,Left,7,28,6,0,1.77,728.0,
12/20/2024 10:24:45,1.16.3,RevT_L,0,4.12,,99,Left,Left,8,28,6,0,,,0.26
12/20/2024 10:24:49,1.16.3,RevT_L,0,4.12,1.0,99,Pellet,Left,8,28,7,0,3.00,33.0,
12/20/2024 10:25:16,1.16.3,RevT_L,0,4.12,,99,Right,Left,8,29,7,0,,,0.07
12/20/2024 10:26:09,1.16.3,RevT_L,0,4.12,,99,Right,Left,8,30,7,0,,,0.08
12/20/2024 10:26:14,1.16.3,RevT_L,0,4.12,,99,Right,Left,8,31,7,0,,,0.23
12/20/2024 10:26:16,1.16.3,RevT_L,0,4.12,,99,Right,Left,8,32,7,0,,,0.23
12/20/2024 10:26:19,1.16.3,RevT_L,0,4.12,,99,Right,Left,8,33,7,0,,,0.08
12/20/2024 10:27:48,1.16.3,RevT_L,0,4.12,,99,Left,Left,9,33,7,0,,,0.21
12/20/2024 10:27:51,1.16.3,RevT_L,0,4.12,1.0,99,Pellet,Left,9,33,8,0,2.69,182.0,
12/20/2024 10:46:43,1.16.3,RevT_L,0,4.12,,99,Right,Left,9,34,8,0,,,0.13
12/20/2024 10:46:45,1.16.3,RevT_L,0,4.12,,99,Right,Left,9,35,8,0,,,0.12
12/20/2024 10:46:55,1.16.3,RevT_L,0,4.12,,99,Right,Left,9,36,8,0,,,0.27
12/20/2024 10:46:58,1.16.3,RevT_L,0,4.12,,99,Right,Left,9,37,8,0,,,0.32
12/20/2024 10:47:00,1.16.3,RevT_L,0,4.12,,99,Right,Left,9,38,8,0,,,0.22
12/20/2024 10:47:06,1.16.3,RevT_L,0,4.12,,99,Left,Left,10,38,8,0,,,0.3
12/20/2024 10:47:10,1.16.3,RevT_L,0,4.12,1.0,99,Pellet,Left,10,38,9,0,3.61,1159.0,
12/20/2024 10:47:31,1.16.3,RevT_L,0,4.12,,99,Right,Left,10,39,9,0,,,0.22
12/20/2024 10:47:34,1.16.3,RevT_L,0,4.12,,99,Right,Left,10,40,9,0,,,0.14
12/20/2024 10:47:37,1.16.3,RevT_L,0,4.12,,99,Right,Left,10,41,9,0,,,0.21
12/20/2024 10:47:42,1.16.3,RevT_L,0,4.12,,99,Right,Left,10,42,9,0,,,0.03
12/20/2024 10:47:45,1.16.3,RevT_L,0,4.12,,99,Right,Left,10,43,9,0,,,0.18
12/20/2024 10:47:48,1.16.3,RevT_L,0,4.12,,99,Right,Left,10,44,9,0,,,0.43
12/20/2024 10:47:50,1.16.3,RevT_L,0,4.12,,99,Right,Left,10,45,9,0,,,0.31
12/20/2024 10:47:56,1.16.3,RevT_L,0,4.12,,99,Left,Left,11,45,9,0,,,0.24
12/20/2024 10:47:58,1.16.3,RevT_L,0,4.12,1.0,99,Pellet,Left,11,45,10,0,1.64,48.0,
12/20/2024 10:48:21,1.16.3,RevT_L,0,4.12,,99,Right,Left,11,46,10,0,,,0.01
12/20/2024 10:48:22,1.16.3,RevT_L,0,4.12,,99,Right,Left,11,47,10,0,,,0.22
12/20/2024 10:48:28,1.16.3,RevT_L,0,4.12,,99,Right,Left,11,48,10,0,,,0.31
12/20/2024 10:48:29,1.16.3,RevT_L,0,4.12,,99,Right,Left,11,49,10,0,,,0.15
12/20/2024 10:48:34,1.16.3,RevT_L,0,4.12,,99,Left,Left,12,49,10,0,,,0.4
12/20/2024 10:48:35,1.16.3,RevT_L,0,4.12,1.0,99,Pellet,Left,12,49,11,0,1.03,37.0,
12/20/2024 10:48:54,1.16.3,RevT_L,0,4.12,,99,Right,Left,12,50,11,0,,,0.1
12/20/2024 10:48:57,1.16.3,RevT_L,0,4.12,,99,Right,Left,12,51,11,0,,,0.26
12/20/2024 10:48:59,1.16.3,RevT_L,0,4.12,,99,Right,Left,12,52,11,0,,,0.17
12/20/2024 10:49:02,1.16.3,RevT_L,0,4.12,,99,Right,Left,12,53,11,0,,,0.08
12/20/2024 10:49:03,1.16.3,RevT_L,0,4.12,,99,Right,Left,12,54,11,0,,,0.0
12/20/2024 10:49:04,1.16.3,RevT_L,0,4.12,,99,Right,Left,12,55,11,0,,,0.05
12/20/2024 10:49:08,1.16.3,RevT_L,0,4.12,,99,Right,Left,12,56,11,0,,,0.31
12/20/2024 10:49:10,1.16.3,RevT_L,0,4.12,,99,Right,Left,12,57,11,0,,,0.17
12/20/2024 10:49:13,1.16.3,RevT_L,0,4.12,,99,Right,Left,12,58,11,0,,,0.37
12/20/2024 10:49:14,1.16.3,RevT_L,0,4.12,,99,Right,Left,12,59,11,0,,,0.07
12/20/2024 10:49:24,1.16.3,RevT_L,0,4.12,,99,Right,Left,12,60,11,0,,,0.45
12/20/2024 10:49:28,1.16.3,RevT_L,0,4.12,,99,Right,Left,12,61,11,0,,,0.38
12/20/2024 10:49:29,1.16.3,RevT_L,0,4.12,,99,Right,Left,12,62,11,0,,,0.29
12/20/2024 10:49:32,1.16.3,RevT_L,0,4.12,,99,Right,Left,12,63,11,0,,,0.57
12/20/2024 10:49:33,1.16.3,RevT_L,0,4.12,,99,Right,Left,12,64,11,0,,,0.06
12/20/2024 10:49:33,1.16.3,RevT_L,0,4.12,,99,Right,Left,12,65,11,0,,,0.0
12/20/2024 10:49:35,1.16.3,RevT_L,0,4.12,,99,Right,Left,12,66,11,0,,,0.17
12/20/2024 10:49:37,1.16.3,RevT_L,0,4.12,,99,Right,Left,12,67,11,0,,,0.04
12/20/2024 10:49:38,1.16.3,RevT_L,0,4.12,,99,Right,Left,12,68,11,0,,,0.0
12/20/2024 10:49:40,1.16.3,RevT_L,0,4.12,,99,Right,Left,12,69,11,0,,,0.31
12/20/2024 10:49:44,1.16.3,RevT_L,0,4.12,,99,Right,Left,12,70,11,0,,,0.03
12/20/2024 10:49:48,1.16.3,RevT_L,0,4.12,,99,Right,Left,12,71,11,0,,,0.36
12/20/2024 10:49:51,1.16.3,RevT_L,0,4.12,,99,Left,Left,13,71,11,0,,,0.23
12/20/2024 10:49:52,1.16.3,RevT_L,0,4.12,1.0,99,Pellet,Left,13,71,12,0,0.61,77.0,
12/20/2024 10:50:14,1.16.3,RevT_L,0,4.12,,99,Right,Left,13,72,12,0,,,0.04
12/20/2024 10:53:12,1.16.3,RevT_L,0,4.12,,99,Right,Left,13,73,12,0,,,0.14
12/20/2024 10:53:14,1.16.3,RevT_L,0,4.12,,99,Right,Left,13,74,12,0,,,0.13
12/20/2024 10:53:17,1.16.3,RevT_L,0,4.12,,99,Left,Left,14,74,12,0,,,0.14
12/20/2024 10:53:19,1.16.3,RevT_L,0,4.12,1.0,99,Pellet,Left,14,74,13,0,0.91,207.0,
12/20/2024 10:53:55,1.16.3,RevT_L,0,4.12,,99,Left,Left,15,74,13,0,,,0.19
12/20/2024 10:54:01,1.16.3,RevT_L,0,4.12,2.0,99,Pellet,Left,15,74,14,0,3.00,41.0,
12/20/2024 10:54:26,1.16.3,RevT_L,0,4.12,,99,Right,Left,15,75,14,0,,,0.03
12/20/2024 10:54:27,1.16.3,RevT_L,0,4.12,,99,Right,Left,15,76,14,0,,,0.08
12/20/2024 10:54:48,1.16.3,RevT_L,0,4.12,,99,Right,Left,15,77,14,0,,,0.08
12/20/2024 10:54:50,1.16.3,RevT_L,0,4.12,,99,Right,Left,15,78,14,0,,,0.2
12/20/2024 10:54:53,1.16.3,RevT_L,0,4.12,,99,Right,Left,15,79,14,0,,,0.17
12/20/2024 10:54:55,1.16.3,RevT_L,0,4.12,,99,Right,Left,15,80,14,0,,,0.37
12/20/2024 10:55:01,1.16.3,RevT_L,0,4.12,,99,Left,Left,16,80,14,0,,,0.15
12/20/2024 10:55:03,1.16.3,RevT_L,0,4.12,2.0,99,Pellet,Left,16,80,15,0,1.22,63.0,
12/20/2024 10:56:39,1.16.3,RevT_L,0,4.12,,99,Right,Left,16,81,15,0,,,0.08
12/20/2024 10:56:45,1.16.3,RevT_L,0,4.12,,99,Right,Left,16,82,15,0,,,0.69
12/20/2024 10:56:47,1.16.3,RevT_L,0,4.12,,99,Right,Left,16,83,15,0,,,0.69
12/20/2024 10:56:50,1.16.3,RevT_L,0,4.12,,99,Right,Left,16,84,15,0,,,0.42
12/20/2024 10:56:55,1.16.3,RevT_L,0,4.12,,99,Right,Left,16,85,15,0,,,0.17
12/20/2024 10:56:59,1.16.3,RevT_L,0,4.12,,99,Right,Left,16,86,15,0,,,0.11
12/20/2024 11:09:07,1.16.3,RevT_L,0,4.12,,99,Right,Left,16,87,15,0,,,0.12
12/20/2024 11:09:13,1.16.3,RevT_L,0,4.12,,99,Right,Left,16,88,15,0,,,0.3
12/20/2024 11:09:19,1.16.3,RevT_L,0,4.12,,99,Left,Left,17,88,15,0,,,0.31
12/20/2024 11:09:21,1.16.3,RevT_L,0,4.12,1.0,99,Pellet,Left,17,88,16,0,0.67,858.0,
12/20/2024 11:09:41,1.16.3,RevT_L,0,4.12,,99,Left,Left,18,88,16,0,,,0.02
12/20/2024 11:09:43,1.16.3,RevT_L,0,4.12,1.0,99,Pellet,Left,18,88,17,0,0.85,22.0,
12/20/2024 11:10:08,1.16.3,RevT_L,0,4.12,,99,Right,Left,18,89,17,0,,,0.19
12/20/2024 11:10:17,1.16.3,RevT_L,0,4.12,,99,Right,Left,18,90,17,0,,,0.5
12/20/2024 11:10:21,1.16.3,RevT_L,0,4.12,,99,Left,Left,19,90,17,0,,,0.19
12/20/2024 11:10:22,1.16.3,RevT_L,0,4.12,1.0,99,Pellet,Left,19,90,18,0,0.60,39.0,
12/20/2024 11:11:19,1.16.3,RevT_L,0,4.12,,99,Right,Left,19,91,18,0,,,0.3
12/20/2024 11:12:02,1.16.3,RevT_L,0,4.12,,99,Left,Left,20,91,18,0,,,0.19
12/20/2024 11:12:04,1.16.3,RevT_L,0,4.12,1.0,99,Pellet,Left,20,91,19,0,0.48,102.0,
12/20/2024 11:12:25,1.16.3,RevT_L,0,4.12,,99,Left,Left,21,91,19,0,,,0.28
12/20/2024 11:12:31,1.16.3,RevT_L,0,4.12,3.0,99,Pellet,Left,21,91,20,0,0.79,26.0,
12/20/2024 11:12:52,1.16.3,RevT_L,0,4.12,,99,Left,Left,22,91,20,0,,,0.34
12/20/2024 11:12:54,1.16.3,RevT_L,0,4.12,1.0,99,Pellet,Left,22,91,21,0,1.16,24.0,
12/20/2024 11:13:11,1.16.3,RevT_L,0,4.12,,99,Left,Left,23,91,21,0,,,0.02
12/20/2024 11:13:12,1.16.3,RevT_L,0,4.12,1.0,99,Pellet,Left,23,91,22,0,0.73,18.0,
12/20/2024 11:19:05,1.16.3,RevT_L,0,4.12,,99,Right,Left,23,92,22,0,,,0.32
12/20/2024 11:19:42,1.16.3,RevT_L,0,4.12,,99,Right,Left,23,93,22,0,,,0.21
12/20/2024 11:19:45,1.16.3,RevT_L,0,4.12,,99,Right,Left,23,94,22,0,,,0.36
12/20/2024 11:19:57,1.16.3,RevT_L,0,4.12,,99,Left,Left,24,94,22,0,,,0.27
12/20/2024 11:19:59,1.16.3,RevT_L,0,4.12,1.0,99,Pellet,Left,24,94,23,0,0.67,407.0,
12/20/2024 11:20:39,1.16.3,RevT_L,0,4.12,,99,Right,Left,24,95,23,0,,,0.05
12/20/2024 11:32:55,1.16.3,RevT_L,0,4.12,,99,Right,Left,24,96,23,0,,,0.11
12/20/2024 11:32:57,1.16.3,RevT_L,0,4.12,,99,Left,Left,25,96,23,0,,,0.13
12/20/2024 11:32:59,1.16.3,RevT_L,0,4.12,1.0,99,Pellet,Left,25,96,24,0,1.71,780.0,
12/20/2024 11:41:09,1.16.3,RevT_L,0,4.12,,99,Right,Left,25,97,24,0,,,0.01
12/20/2024 11:42:05,1.16.3,RevT_L,0,4.12,,99,Right,Left,25,98,24,0,,,0.17
12/20/2024 11:42:07,1.16.3,RevT_L,0,4.12,,99,Right,Left,25,99,24,0,,,0.36
12/20/2024 11:42:11,1.16.3,RevT_L,0,4.12,,99,Left,Left,26,99,24,0,,,0.18
12/20/2024 11:42:12,1.16.3,RevT_L,0,4.12,1.0,99,Pellet,Left,26,99,25,0,0.97,553.0,
12/20/2024 11:42:34,1.16.3,RevT_L,0,4.12,,99,Left,Right,27,99,25,0,,,0.04
12/20/2024 11:42:36,1.16.3,RevT_L,0,4.12,,99,Left,Right,28,99,25,0,,,0.06
12/20/2024 11:42:39,1.16.3,RevT_L,0,4.12,,99,Left,Right,29,99,25,0,,,0.12
12/20/2024 11:44:43,1.16.3,RevT_L,0,4.12,,99,Right,Right,29,100,25,0,,,0.21
12/20/2024 11:44:45,1.16.3,RevT_L,0,4.12,1.0,99,Pellet,Right,29,100,26,0,0.79,153.0,
12/20/2024 12:08:48,1.16.3,RevT_L,0,4.12,,99,Right,Right,29,101,26,0,,,0.13
12/20/2024 12:08:50,1.16.3,RevT_L,0,4.12,1.0,99,Pellet,Right,29,101,27,0,1.95,1445.0,
12/20/2024 12:09:12,1.16.3,RevT_L,0,4.12,,99,Right,Right,29,102,27,0,,,0.26
12/20/2024 12:09:14,1.16.3,RevT_L,0,4.12,1.0,99,Pellet,Right,29,102,28,0,1.03,24.0,
12/20/2024 12:09:27,1.16.3,RevT_L,0,4.12,,99,Right,Right,29,103,28,0,,,0.22
12/20/2024 12:09:30,1.16.3,RevT_L,0,4.11,1.0,99,Pellet,Right,29,103,29,0,1.89,16.0,
12/20/2024 12:09:49,1.16.3,RevT_L,0,4.12,,99,Right,Right,29,104,29,0,,,0.04
12/20/2024 12:09:51,1.16.3,RevT_L,0,4.12,1.0,99,Pellet,Right,29,104,30,0,0.97,20.0,
12/20/2024 12:10:01,1.16.3,RevT_L,0,4.12,,99,Right,Right,29,105,30,0,,,0.05
12/20/2024 12:10:02,1.16.3,RevT_L,0,4.12,,99,RightDuringDispense,Right,29,106,30,0,,,0.06
12/20/2024 12:10:04,1.16.3,RevT_L,0,4.12,1.0,99,Pellet,Right,29,106,31,0,1.83,14.0,
12/20/2024 12:10:23,1.16.3,RevT_L,0,4.12,,99,Right,Right,29,107,31,0,,,0.0
12/20/2024 12:10:26,1.16.3,RevT_L,0,4.12,2.0,99,Pellet,Right,29,107,32,0,1.71,22.0,
12/20/2024 12:10:48,1.16.3,RevT_L,0,4.12,,99,Right,Right,29,108,32,0,,,0.23
12/20/2024 12:10:51,1.16.3,RevT_L,0,4.12,2.0,99,Pellet,Right,29,108,33,0,0.85,25.0,
12/20/2024 12:11:07,1.16.3,RevT_L,0,4.12,,99,Right,Right,29,109,33,0,,,0.24
12/20/2024 12:11:13,1.16.3,RevT_L,0,4.12,3.0,99,Pellet,Right,29,109,34,0,0.67,22.0,
12/20/2024 12:11:33,1.16.3,RevT_L,0,4.11,,99,Left,Right,30,109,34,0,,,0.0
12/20/2024 12:11:35,1.16.3,RevT_L,0,4.12,,99,Left,Right,31,109,34,0,,,0.04
12/20/2024 12:19:27,1.16.3,RevT_L,0,4.11,,99,Right,Right,31,110,34,0,,,0.12
12/20/2024 12:21:07,1.16.3,RevT_L,0,4.12,1.0,99,Pellet,Right,31,110,35,0,Timed_out,594.0,
12/20/2024 12:44:18,1.16.3,RevT_L,0,4.11,,99,Right,Right,31,111,35,0,,,0.02
12/20/2024 12:44:22,1.16.3,RevT_L,0,4.12,2.0,99,Pellet,Right,31,111,36,0,0.73,1395.0,
12/20/2024 12:47:28,1.16.3,RevT_L,0,4.12,,99,Right,Right,31,112,36,0,,,0.26
12/20/2024 12:47:31,1.16.3,RevT_L,0,4.11,1.0,99,Pellet,Right,31,112,37,0,2.20,189.0,
12/20/2024 12:48:51,1.16.3,RevT_L,0,4.11,,99,Right,Right,31,113,37,0,,,0.17
12/20/2024 12:48:53,1.16.3,RevT_L,0,4.11,1.0,99,Pellet,Right,31,113,38,0,0.91,82.0,
12/20/2024 12:54:01,1.16.3,RevT_L,0,4.11,,99,Right,Right,31,114,38,0,,,0.05
12/20/2024 12:55:11,1.16.3,RevT_L,0,4.12,2.0,99,Pellet,Right,31,114,39,0,Timed_out,378.0,
12/20/2024 13:07:11,1.16.3,RevT_L,0,4.12,,99,Left,Right,32,114,39,0,,,0.07
12/20/2024 13:07:15,1.16.3,RevT_L,0,4.12,,99,Left,Right,33,114,39,0,,,0.26
12/20/2024 13:07:17,1.16.3,RevT_L,0,4.12,,99,Left,Right,34,114,39,0,,,0.13
12/20/2024 13:11:14,1.16.3,RevT_L,0,4.12,,99,Right,Right,34,115,39,0,,,0.18
12/20/2024 13:11:17,1.16.3,RevT_L,0,4.12,2.0,99,Pellet,Right,34,115,40,0,1.65,965.0,
12/20/2024 13:11:51,1.16.3,RevT_L,0,4.12,,99,Right,Right,34,116,40,0,,,0.11
12/20/2024 13:11:55,1.16.3,RevT_L,0,4.11,2.0,99,Pellet,Right,34,116,41,0,1.64,39.0,
12/20/2024 13:12:14,1.16.3,RevT_L,0,4.11,,99,Right,Right,34,117,41,0,,,0.0
12/20/2024 13:12:16,1.16.3,RevT_L,0,4.12,1.0,99,Pellet,Right,34,117,42,0,0.91,21.0,
12/20/2024 13:12:30,1.16.3,RevT_L,0,4.12,,99,Right,Right,34,118,42,0,,,0.13
12/20/2024 13:12:33,1.16.3,RevT_L,0,4.12,1.0,99,Pellet,Right,34,118,43,0,2.20,17.0,
12/20/2024 13:17:02,1.16.3,RevT_L,0,4.12,,99,Right,Right,34,119,43,0,,,0.1
12/20/2024 13:18:40,1.16.3,RevT_L,0,4.11,,99,RightWithPellet,Right,34,120,43,0,,,0.07
12/20/2024 13:25:19,1.16.3,RevT_L,0,4.12,,99,RightWithPellet,Right,34,121,43,0,,,0.11
12/20/2024 13:28:22,1.16.3,RevT_L,0,4.12,1.0,99,Pellet,Right,34,121,44,0,Timed_out,949.0,
12/20/2024 13:30:40,1.16.3,RevT_L,0,4.11,,99,Right,Right,34,122,44,0,,,0.08
12/20/2024 13:30:42,1.16.3,RevT_L,0,4.12,1.0,99,Pellet,Right,34,122,45,0,1.16,140.0,
12/20/2024 13:31:01,1.16.3,RevT_L,0,4.11,,99,Right,Right,34,123,45,0,,,0.18
12/20/2024 13:31:03,1.16.3,RevT_L,0,4.11,1.0,99,Pellet,Right,34,123,46,0,1.16,21.0,
12/20/2024 13:31:16,1.16.3,RevT_L,0,4.11,,99,Right,Right,34,124,46,0,,,0.13
12/20/2024 13:31:18,1.16.3,RevT_L,0,4.12,1.0,99,Pellet,Right,34,124,47,0,0.67,15.0,
12/20/2024 13:32:08,1.16.3,RevT_L,0,4.11,,99,Left,Right,35,124,47,0,,,0.04
12/20/2024 13:33:31,1.16.3,RevT_L,0,4.12,,99,Right,Right,35,125,47,0,,,0.07
12/20/2024 13:42:45,1.16.3,RevT_L,0,4.11,,99,RightWithPellet,Right,35,126,47,0,,,0.33
12/20/2024 13:42:48,1.16.3,RevT_L,0,4.11,,99,RightWithPellet,Right,35,127,47,0,,,0.27
12/20/2024 13:44:53,1.16.3,RevT_L,0,4.12,1.0,99,Pellet,Right,35,127,48,0,Timed_out,815.0,
12/20/2024 13:45:09,1.16.3,RevT_L,0,4.12,,99,Right,Right,35,128,48,0,,,0.15
12/20/2024 13:45:13,1.16.3,RevT_L,0,4.11,2.0,99,Pellet,Right,35,128,49,0,1.28,20.0,
12/20/2024 13:54:29,1.16.3,RevT_L,0,4.11,,99,Right,Right,35,129,49,0,,,0.18
12/20/2024 13:56:53,1.16.3,RevT_L,0,4.11,,99,LeftWithPellet,Right,36,129,49,0,,,0.2
12/20/2024 13:58:37,1.16.3,RevT_L,0,4.11,,99,RightWithPellet,Right,36,130,49,0,,,0.1
12/20/2024 13:58:51,1.16.3,RevT_L,0,4.12,2.0,99,Pellet,Right,36,130,50,0,Timed_out,818.0,
12/20/2024 13:59:25,1.16.3,RevT_L,0,4.11,,99,Right,Left,36,131,50,0,,,0.01
12/20/2024 13:59:28,1.16.3,RevT_L,0,4.11,,99,Right,Left,36,132,50,0,,,0.11
12/20/2024 13:59:31,1.16.3,RevT_L,0,4.12,,99,Right,Left,36,133,50,0,,,0.09
12/20/2024 13:59:33,1.16.3,RevT_L,0,4.12,,99,Right,Left,36,134,50,0,,,0.19
12/20/2024 13:59:36,1.16.3,RevT_L,0,4.12,,99,Left,Left,37,134,50,0,,,0.24
12/20/2024 13:59:40,1.16.3,RevT_L,0,4.12,2.0,99,Pellet,Left,37,134,51,0,1.58,49.0,
12/20/2024 14:00:04,1.16.3,RevT_L,0,4.11,,99,Left,Left,38,134,51,0,,,0.1
12/20/2024 14:00:16,1.16.3,RevT_L,0,4.12,2.0,99,Pellet,Left,38,134,52,0,10.85,36.0,
12/20/2024 14:03:07,1.16.3,RevT_L,0,4.12,,99,Right,Left,38,135,52,0,,,0.13
12/20/2024 14:12:05,1.16.3,RevT_L,0,4.11,,99,Right,Left,38,136,52,0,,,0.07
12/20/2024 14:13:04,1.16.3,RevT_L,0,4.11,,99,Left,Left,39,136,52,0,,,0.25
12/20/2024 14:13:06,1.16.3,RevT_L,0,4.11,1.0,99,Pellet,Left,39,136,53,0,1.46,770.0,
12/20/2024 14:13:31,1.16.3,RevT_L,0,4.11,,99,Right,Left,39,137,53,0,,,0.12
12/20/2024 14:13:34,1.16.3,RevT_L,0,4.11,,99,Right,Left,39,138,53,0,,,0.07
12/20/2024 14:13:40,1.16.3,RevT_L,0,4.12,,99,Left,Left,40,138,53,0,,,0.01
12/20/2024 14:13:42,1.16.3,RevT_L,0,4.11,1.0,99,Pellet,Left,40,138,54,0,1.22,36.0,
12/20/2024 14:13:58,1.16.3,RevT_L,0,4.11,,99,Left,Left,41,138,54,0,,,0.07
12/20/2024 14:14:02,1.16.3,RevT_L,0,4.11,2.0,99,Pellet,Left,41,138,55,0,1.22,20.0,
12/20/2024 14:15:17,1.16.3,RevT_L,0,4.11,,99,Right,Left,41,139,55,0,,,0.15
12/20/2024 14:20:59,1.16.3,RevT_L,0,4.12,,99,Right,Left,41,140,55,0,,,0.26
12/20/2024 14:24:47,1.16.3,RevT_L,0,4.11,,99,Right,Left,41,141,55,0,,,0.13
12/20/2024 14:26:15,1.16.3,RevT_L,0,4.11,,99,Right,Left,41,142,55,0,,,0.2
12/20/2024 14:26:48,1.16.3,RevT_L,0,4.11,,99,Right,Left,41,143,55,0,,,0.12
12/20/2024 14:28:26,1.16.3,RevT_L,0,4.11,,99,Right,Left,41,144,55,0,,,0.27
12/20/2024 14:28:32,1.16.3,RevT_L,0,4.12,,99,Left,Left,42,144,55,0,,,0.2
12/20/2024 14:28:33,1.16.3,RevT_L,0,4.11,2.0,99,Pellet,Left,42,144,56,0,0.61,871.0,
12/20/2024 14:28:51,1.16.3,RevT_L,0,4.12,,99,Right,Left,42,145,56,0,,,0.08
12/20/2024 14:28:53,1.16.3,RevT_L,0,4.11,,99,Left,Left,43,145,56,0,,,0.08
12/20/2024 14:28:54,1.16.3,RevT_L,0,4.11,1.0,99,Pellet,Left,43,145,57,0,0.67,21.0,
12/20/2024 14:29:13,1.16.3,RevT_L,0,4.11,,99,Left,Left,44,145,57,0,,,0.12
12/20/2024 14:29:18,1.16.3,RevT_L,0,4.12,1.0,99,Pellet,Left,44,145,58,0,4.90,24.0,
12/20/2024 14:29:39,1.16.3,RevT_L,0,4.11,,99,Right,Left,44,146,58,0,,,0.15
12/20/2024 14:29:43,1.16.3,RevT_L,0,4.11,,99,Right,Left,44,147,58,0,,,0.08
12/20/2024 14:29:45,1.16.3,RevT_L,0,4.11,,99,Right,Left,44,148,58,0,,,0.18
12/20/2024 14:29:49,1.16.3,RevT_L,0,4.11,,99,Left,Left,45,148,58,0,,,0.16
12/20/2024 14:29:50,1.16.3,RevT_L,0,4.11,1.0,99,Pellet,Left,45,148,59,0,0.61,32.0,
12/20/2024 14:34:38,1.16.3,RevT_L,0,4.11,,99,Right,Left,45,149,59,0,,,0.06
12/20/2024 14:35:06,1.16.3,RevT_L,0,4.11,,99,Right,Left,45,150,59,0,,,0.06
12/20/2024 14:35:07,1.16.3,RevT_L,0,4.11,,99,Right,Left,45,151,59,0,,,0.02
12/20/2024 14:35:07,1.16.3,RevT_L,0,4.11,,99,Right,Left,45,152,59,0,,,0.0
12/20/2024 14:35:08,1.16.3,RevT_L,0,4.11,,99,Right,Left,45,153,59,0,,,0.4
12/20/2024 14:35:09,1.16.3,RevT_L,0,4.12,,99,Right,Left,45,154,59,0,,,0.08
12/20/2024 14:35:10,1.16.3,RevT_L,0,4.11,,99,Right,Left,45,155,59,0,,,0.0
12/20/2024 14:35:11,1.16.3,RevT_L,0,4.11,,99,Right,Left,45,156,59,0,,,0.36
12/20/2024 14:35:12,1.16.3,RevT_L,0,4.11,,99,Right,Left,45,157,59,0,,,0.04
12/20/2024 14:35:13,1.16.3,RevT_L,0,4.11,,99,Right,Left,45,158,59,0,,,1.03
12/20/2024 14:35:15,1.16.3,RevT_L,0,4.11,,99,Right,Left,45,159,59,0,,,0.75
12/20/2024 14:35:20,1.16.3,RevT_L,0,4.11,,99,Right,Left,45,160,59,0,,,0.21
12/20/2024 14:35:22,1.16.3,RevT_L,0,4.11,,99,Right,Left,45,161,59,0,,,0.03
12/20/2024 14:35:25,1.16.3,RevT_L,0,4.11,,99,Right,Left,45,162,59,0,,,0.1
12/20/2024 14:35:26,1.16.3,RevT_L,0,4.11,,99,Right,Left,45,163,59,0,,,0.98
12/20/2024 14:35:30,1.16.3,RevT_L,0,4.11,,99,Right,Left,45,164,59,0,,,0.08
12/20/2024 14:35:33,1.16.3,RevT_L,0,4.11,,99,Right,Left,45,165,59,0,,,1.12
12/20/2024 14:35:38,1.16.3,RevT_L,0,4.11,,99,Right,Left,45,166,59,0,,,0.4
12/20/2024 14:35:40,1.16.3,RevT_L,0,4.11,,99,Right,Left,45,167,59,0,,,0.43
12/20/2024 14:35:41,1.16.3,RevT_L,0,4.11,,99,Right,Left,45,168,59,0,,,0.2
12/20/2024 14:35:45,1.16.3,RevT_L,0,4.11,,99,Left,Left,46,168,59,0,,,0.28
12/20/2024 14:35:48,1.16.3,RevT_L,0,4.11,1.0,99,Pellet,Left,46,168,60,0,2.08,358.0,
12/20/2024 14:42:19,1.16.3,RevT_L,0,4.11,,99,Left,Left,47,168,60,0,,,0.17
12/20/2024 14:42:24,1.16.3,RevT_L,0,4.11,1.0,99,Pellet,Left,47,168,61,0,4.41,396.0,
12/20/2024 14:42:46,1.16.3,RevT_L,0,4.11,,99,Right,Left,47,169,61,0,,,0.07
12/20/2024 14:42:49,1.16.3,RevT_L,0,4.11,,99,Right,Left,47,170,61,0,,,0.21
12/20/2024 14:42:51,1.16.3,RevT_L,0,4.11,,99,Right,Left,47,171,61,0,,,0.29
12/20/2024 14:42:56,1.16.3,RevT_L,0,4.11,,99,Right,Left,47,172,61,0,,,0.16
12/20/2024 14:42:58,1.16.3,RevT_L,0,4.11,,99,Right,Left,47,173,61,0,,,0.02
12/20/2024 14:43:00,1.16.3,RevT_L,0,4.11,,99,Left,Left,48,173,61,0,,,0.23
12/20/2024 14:43:03,1.16.3,RevT_L,0,4.11,1.0,99,Pellet,Left,48,173,62,0,2.26,39.0,
12/20/2024 14:44:59,1.16.3,RevT_L,0,4.11,,99,Right,Left,48,174,62,0,,,0.0
12/20/2024 14:58:02,1.16.3,RevT_L,0,4.11,,99,Left,Left,49,174,62,0,,,0.13
12/20/2024 14:58:04,1.16.3,RevT_L,0,4.11,1.0,99,Pellet,Left,49,174,63,0,0.85,901.0,
12/20/2024 14:58:19,1.16.3,RevT_L,0,4.11,,99,Left,Left,50,174,63,0,,,0.03
12/20/2024 14:58:21,1.16.3,RevT_L,0,4.11,1.0,99,Pellet,Left,50,174,64,0,0.79,17.0,
12/20/2024 14:58:43,1.16.3,RevT_L,0,4.11,,99,Left,Left,51,174,64,0,,,0.05
12/20/2024 14:58:45,1.16.3,RevT_L,0,4.11,1.0,99,Pellet,Left,51,174,65,0,1.46,24.0,
12/20/2024 14:59:03,1.16.3,RevT_L,0,4.11,,99,Right,Left,51,175,65,0,,,0.15
12/20/2024 14:59:05,1.16.3,RevT_L,0,4.11,,99,Left,Left,52,175,65,0,,,0.13
12/20/2024 14:59:06,1.16.3,RevT_L,0,4.11,1.0,99,Pellet,Left,52,175,66,0,0.48,21.0,
12/20/2024 14:59:26,1.16.3,RevT_L,0,4.11,,99,Left,Left,53,175,66,0,,,0.07
12/20/2024 14:59:28,1.16.3,RevT_L,0,4.11,1.0,99,Pellet,Left,53,175,67,0,1.34,22.0,
12/20/2024 14:59:45,1.16.3,RevT_L,0,4.11,,99,Right,Left,53,176,67,0,,,0.06
12/20/2024 15:00:57,1.16.3,RevT_L,0,4.12,,99,Right,Left,53,177,67,0,,,0.1
12/20/2024 15:05:28,1.16.3,RevT_L,0,4.11,,99,Right,Left,53,178,67,0,,,0.03
12/20/2024 15:06:20,1.16.3,RevT_L,0,4.11,,99,Right,Left,53,179,67,0,,,0.12
12/20/2024 15:07:59,1.16.3,RevT_L,0,4.11,,99,Right,Left,53,180,67,0,,,0.18
12/20/2024 15:08:01,1.16.3,RevT_L,0,4.11,,99,Right,Left,53,181,67,0,,,0.14
12/20/2024 15:08:03,1.16.3,RevT_L,0,4.11,,99,Right,Left,53,182,67,0,,,0.11
12/20/2024 15:08:05,1.16.3,RevT_L,0,4.11,,99,Left,Left,54,182,67,0,,,0.18
12/20/2024 15:08:07,1.16.3,RevT_L,0,4.11,1.0,99,Pellet,Left,54,182,68,0,1.16,519.0,
12/20/2024 15:09:18,1.16.3,RevT_L,0,4.11,,99,Left,Left,55,182,68,0,,,0.11
12/20/2024 15:10:13,1.16.3,RevT_L,0,4.11,,99,RightWithPellet,Left,55,183,68,0,,,0.11
12/20/2024 15:10:14,1.16.3,RevT_L,0,4.11,,99,RightWithPellet,Left,55,184,68,0,,,0.3
12/20/2024 15:10:14,1.16.3,RevT_L,0,4.11,,99,RightWithPellet,Left,55,185,68,0,,,0.08
12/20/2024 15:16:39,1.16.3,RevT_L,0,4.11,,99,RightWithPellet,Left,55,186,68,0,,,0.01
12/20/2024 15:16:42,1.16.3,RevT_L,0,4.11,1.0,99,Pellet,Left,55,186,69,0,Timed_out,515.0,
12/20/2024 15:19:59,1.16.3,RevT_L,0,4.11,,99,Right,Left,55,187,69,0,,,0.31
12/20/2024 15:20:02,1.16.3,RevT_L,0,4.11,,99,Right,Left,55,188,69,0,,,0.17
12/20/2024 15:23:00,1.16.3,RevT_L,0,4.11,,99,Left,Left,56,188,69,0,,,0.19
12/20/2024 15:23:01,1.16.3,RevT_L,0,4.11,1.0,99,Pellet,Left,56,188,70,0,0.67,379.0,
12/20/2024 15:23:27,1.16.3,RevT_L,0,4.11,,99,Right,Left,56,189,70,0,,,0.22
12/20/2024 15:23:28,1.16.3,RevT_L,0,4.11,,99,Right,Left,56,190,70,0,,,0.3
12/20/2024 15:23:32,1.16.3,RevT_L,0,4.11,,99,Left,Left,57,190,70,0,,,0.15
12/20/2024 15:23:33,1.16.3,RevT_L,0,4.11,1.0,99,Pellet,Left,57,190,71,0,0.48,32.0,
12/20/2024 15:23:51,1.16.3,RevT_L,0,4.11,,99,Left,Left,58,190,71,0,,,0.09
12/20/2024 15:23:52,1.16.3,RevT_L,0,4.11,1.0,99,Pellet,Left,58,190,72,0,0.73,19.0,
12/20/2024 15:24:18,1.16.3,RevT_L,0,4.11,,99,Right,Left,58,191,72,0,,,0.02
12/20/2024 15:24:20,1.16.3,RevT_L,0,4.11,,99,Left,Left,59,191,72,0,,,0.23
12/20/2024 15:24:21,1.16.3,RevT_L,0,4.11,1.0,99,Pellet,Left,59,191,73,0,0.42,29.0,
12/20/2024 15:24:47,1.16.3,RevT_L,0,4.11,,99,Left,Left,60,191,73,0,,,0.23
12/20/2024 15:24:51,1.16.3,RevT_L,0,4.11,2.0,99,Pellet,Left,60,191,74,0,0.42,30.0,
12/20/2024 15:27:41,1.16.3,RevT_L,0,4.11,,99,Left,Left,61,191,74,0,,,0.08
12/20/2024 15:35:09,1.16.3,RevT_L,0,4.11,1.0,99,Pellet,Left,61,191,75,0,Timed_out,618.0,
12/20/2024 15:35:28,1.16.3,RevT_L,0,4.11,,99,Right,Right,61,192,75,0,,,0.2
12/20/2024 15:35:30,1.16.3,RevT_L,0,4.11,1.0,99,Pellet,Right,61,192,76,0,1.46,21.0,
12/20/2024 15:35:46,1.16.3,RevT_L,0,4.11,,99,Left,Right,62,192,76,0,,,0.1
12/20/2024 15:35:52,1.16.3,RevT_L,0,4.11,,99,Left,Right,63,192,76,0,,,0.15
12/20/2024 15:35:55,1.16.3,RevT_L,0,4.11,,99,Right,Right,63,193,76,0,,,0.27
12/20/2024 15:36:01,1.16.3,RevT_L,0,4.11,4.0,99,Pellet,Right,63,193,77,0,0.91,31.0,
12/20/2024 15:36:50,1.16.3,RevT_L,0,4.11,,99,Right,Right,63,194,77,0,,,0.01
12/20/2024 15:37:05,1.16.3,RevT_L,0,4.11,2.0,99,Pellet,Right,63,194,78,0,13.87,64.0,
12/20/2024 15:40:36,1.16.3,RevT_L,0,4.11,,99,Left,Right,64,194,78,0,,,0.19
12/20/2024 15:46:46,1.16.3,RevT_L,0,4.11,,99,Right,Right,64,195,78,0,,,0.06
12/20/2024 15:47:01,1.16.3,RevT_L,0,4.11,4.0,99,Pellet,Right,64,195,79,0,8.09,596.0,
12/20/2024 15:54:05,1.16.3,RevT_L,0,4.11,,99,Right,Right,64,196,79,0,,,0.17
12/20/2024 15:54:09,1.16.3,RevT_L,0,4.11,2.0,99,Pellet,Right,64,196,80,0,0.91,428.0,
12/20/2024 15:54:36,1.16.3,RevT_L,0,4.11,,99,Left,Right,65,196,80,0,,,0.18
12/20/2024 15:54:40,1.16.3,RevT_L,0,4.11,,99,Left,Right,66,196,80,0,,,0.15
12/20/2024 15:55:10,1.16.3,RevT_L,0,4.11,,99,Right,Right,66,197,80,0,,,0.14
12/20/2024 15:55:10,1.16.3,RevT_L,0,4.11,,99,RightDuringDispense,Right,66,198,80,0,,,0.05
12/20/2024 15:58:04,1.16.3,RevT_L,0,4.11,,99,RightWithPellet,Right,66,199,80,0,,,0.1
12/20/2024 16:28:18,1.16.3,RevT_L,0,4.11,,99,RightWithPellet,Right,66,200,80,0,,,0.04
12/20/2024 16:28:42,1.16.3,RevT_L,0,4.11,,99,LeftWithPellet,Right,67,200,80,0,,,0.27
12/20/2024 16:28:46,1.16.3,RevT_L,0,4.11,,99,RightWithPellet,Right,67,201,80,0,,,0.1
12/20/2024 16:28:57,1.16.3,RevT_L,0,4.11,,99,RightWithPellet,Right,67,202,80,0,,,0.06
12/20/2024 16:28:59,1.16.3,RevT_L,0,4.11,,99,RightWithPellet,Right,67,203,80,0,,,0.7
12/20/2024 16:29:08,1.16.3,RevT_L,0,4.11,4.0,99,Pellet,Right,67,203,81,0,Timed_out,2099.0,
12/20/2024 16:29:35,1.16.3,RevT_L,0,4.11,,99,Right,Right,67,204,81,0,,,0.09
12/20/2024 16:29:35,1.16.3,RevT_L,0,4.11,,99,RightDuringDispense,Right,67,205,81,0,,,0.06
12/20/2024 16:29:40,1.16.3,RevT_L,0,4.11,2.0,99,Pellet,Right,67,205,82,0,1.89,32.0,
12/20/2024 16:33:29,1.16.3,RevT_L,0,4.11,,99,Right,Right,67,206,82,0,,,0.13
12/20/2024 16:33:31,1.16.3,RevT_L,0,4.11,1.0,99,Pellet,Right,67,206,83,0,1.16,231.0,
12/20/2024 16:34:13,1.16.3,RevT_L,0,4.11,,99,Left,Right,68,206,83,0,,,0.23
12/20/2024 16:34:14,1.16.3,RevT_L,0,4.11,,99,Left,Right,69,206,83,0,,,0.1
12/20/2024 16:34:15,1.16.3,RevT_L,0,4.11,,99,Left,Right,70,206,83,0,,,0.04
12/20/2024 16:34:16,1.16.3,RevT_L,0,4.11,,99,Left,Right,71,206,83,0,,,0.0
12/20/2024 16:34:17,1.16.3,RevT_L,0,4.11,,99,Left,Right,72,206,83,0,,,0.01
12/20/2024 16:35:53,1.16.3,RevT_L,0,4.11,,99,Right,Right,72,207,83,0,,,0.25
12/20/2024 16:35:58,1.16.3,RevT_L,0,4.11,3.0,99,Pellet,Right,72,207,84,0,0.91,147.0,
12/20/2024 16:36:19,1.16.3,RevT_L,0,4.11,,99,Left,Right,73,207,84,0,,,0.1
12/20/2024 16:39:59,1.16.3,RevT_L,0,4.11,,99,Right,Right,73,208,84,0,,,0.07
12/20/2024 16:40:01,1.16.3,RevT_L,0,4.11,1.0,99,Pellet,Right,73,208,85,0,1.83,243.0,
12/20/2024 16:41:03,1.16.3,RevT_L,0,4.11,,99,Right,Right,73,209,85,0,,,0.0
12/20/2024 16:41:07,1.16.3,RevT_L,0,4.11,2.0,99,Pellet,Right,73,209,86,0,1.40,66.0,
12/20/2024 16:45:09,1.16.3,RevT_L,0,4.11,,99,Right,Right,73,210,86,0,,,0.15
12/20/2024 16:45:11,1.16.3,RevT_L,0,4.11,1.0,99,Pellet,Right,73,210,87,0,1.03,244.0,
12/20/2024 16:45:50,1.16.3,RevT_L,0,4.11,,99,Left,Right,74,210,87,0,,,0.15
12/20/2024 16:45:53,1.16.3,RevT_L,0,4.11,,99,Left,Right,75,210,87,0,,,0.26
12/20/2024 16:45:55,1.16.3,RevT_L,0,4.11,,99,Left,Right,76,210,87,0,,,0.1
12/20/2024 17:19:55,1.16.3,RevT_L,0,4.11,,99,Right,Right,76,211,87,0,,,0.19
12/20/2024 17:19:57,1.16.3,RevT_L,0,4.11,2.0,99,Pellet,Right,76,211,88,0,1.22,2086.0,
12/20/2024 17:20:22,1.16.3,RevT_L,0,4.11,,99,Right,Right,76,212,88,0,,,0.17
12/20/2024 17:20:24,1.16.3,RevT_L,0,4.11,1.0,99,Pellet,Right,76,212,89,0,1.16,27.0,
12/20/2024 17:20:41,1.16.3,RevT_L,0,4.11,,99,Right,Right,76,213,89,0,,,0.16
12/20/2024 17:20:43,1.16.3,RevT_L,0,4.1,1.0,99,Pellet,Right,76,213,90,0,1.40,19.0,
12/20/2024 17:21:13,1.16.3,RevT_L,0,4.11,,99,Right,Right,76,214,90,0,,,0.21
12/20/2024 17:21:17,1.16.3,RevT_L,0,4.11,3.0,99,Pellet,Right,76,214,91,0,0.97,34.0,
12/20/2024 17:21:40,1.16.3,RevT_L,0,4.11,,99,Right,Right,76,215,91,0,,,0.43
12/20/2024 17:21:41,1.16.3,RevT_L,0,4.11,,99,RightDuringDispense,Right,76,216,91,0,,,0.14
12/20/2024 17:21:42,1.16.3,RevT_L,0,4.11,1.0,99,Pellet,Right,76,216,92,0,1.22,25.0,
12/20/2024 17:22:10,1.16.3,RevT_L,0,4.1,,99,Right,Right,76,217,92,0,,,0.2
12/20/2024 17:22:12,1.16.3,RevT_L,0,4.11,2.0,99,Pellet,Right,76,217,93,0,0.67,30.0,
12/20/2024 17:22:30,1.16.3,RevT_L,0,4.11,,99,Right,Right,76,218,93,0,,,0.05
12/20/2024 17:22:33,1.16.3,RevT_L,0,4.11,2.0,99,Pellet,Right,76,218,94,0,1.22,21.0,
12/20/2024 17:22:52,1.16.3,RevT_L,0,4.11,,99,Right,Right,76,219,94,0,,,0.13
12/20/2024 17:22:56,1.16.3,RevT_L,0,4.11,2.0,99,Pellet,Right,76,219,95,0,0.85,23.0,
12/20/2024 17:24:01,1.16.3,RevT_L,0,4.11,,99,Left,Right,77,219,95,0,,,0.41
12/20/2024 17:24:02,1.16.3,RevT_L,0,4.1,,99,Left,Right,78,219,95,0,,,0.24
12/20/2024 17:24:16,1.16.3,RevT_L,0,4.11,,99,Right,Right,78,220,95,0,,,0.12
12/20/2024 17:24:17,1.16.3,RevT_L,0,4.11,1.0,99,Pellet,Right,78,220,96,0,0.73,81.0,
12/20/2024 17:25:25,1.16.3,RevT_L,0,4.11,,99,Right,Right,78,221,96,0,,,0.1
12/20/2024 17:25:26,1.16.3,RevT_L,0,4.11,1.0,99,Pellet,Right,78,221,97,0,1.03,69.0,
12/20/2024 18:30:53,1.16.3,RevT_L,0,4.1,,99,Left,Right,79,221,97,0,,,0.59
12/20/2024 18:30:58,1.16.3,RevT_L,0,4.11,,99,Right,Right,79,222,97,0,,,0.17
12/20/2024 18:31:07,1.16.3,RevT_L,0,4.11,5.0,99,Pellet,Right,79,222,98,0,1.65,3941.0,
12/20/2024 18:31:42,1.16.3,RevT_L,0,4.1,,99,Left,Right,80,222,98,0,,,0.22
12/20/2024 18:31:49,1.16.3,RevT_L,0,4.1,,99,Right,Right,80,223,98,0,,,0.1
12/20/2024 18:31:52,1.16.3,RevT_L,0,4.1,2.0,99,Pellet,Right,80,223,99,0,1.10,44.0,
12/20/2024 18:32:33,1.16.3,RevT_L,0,4.11,,99,Right,Right,80,224,99,0,,,0.08
12/20/2024 18:32:35,1.16.3,RevT_L,0,4.11,2.0,99,Pellet,Right,80,224,100,0,1.22,44.0,
12/20/2024 18:33:29,1.16.3,RevT_L,0,4.11,,99,Right,Left,80,225,100,0,,,0.27
12/20/2024 18:33:31,1.16.3,RevT_L,0,4.11,,99,Right,Left,80,226,100,0,,,0.06
12/20/2024 18:34:05,1.16.3,RevT_L,0,4.11,,99,Right,Left,80,227,100,0,,,0.16
12/20/2024 18:34:06,1.16.3,RevT_L,0,4.11,,99,Right,Left,80,228,100,0,,,0.07
12/20/2024 18:34:15,1.16.3,RevT_L,0,4.11,,99,Left,Left,81,228,100,0,,,0.23
12/20/2024 18:34:19,1.16.3,RevT_L,0,4.1,2.0,99,Pellet,Left,81,228,101,0,0.73,104.0,
12/20/2024 18:35:08,1.16.3,RevT_L,0,4.11,,99,Right,Left,81,229,101,0,,,0.35
12/20/2024 18:35:50,1.16.3,RevT_L,0,4.11,,99,Right,Left,81,230,101,0,,,0.08
12/20/2024 18:44:05,1.16.3,RevT_L,0,4.1,,99,Right,Left,81,231,101,0,,,0.11
12/20/2024 18:45:24,1.16.3,RevT_L,0,4.11,,99,Right,Left,81,232,101,0,,,0.11
12/20/2024 18:45:26,1.16.3,RevT_L,0,4.1,,99,Left,Left,82,232,101,0,,,0.3
12/20/2024 18:45:36,1.16.3,RevT_L,0,4.11,5.0,99,Pellet,Left,82,232,102,0,1.77,676.0,
12/20/2024 18:46:02,1.16.3,RevT_L,0,4.1,,99,Right,Left,82,233,102,0,,,0.23
12/20/2024 18:46:04,1.16.3,RevT_L,0,4.11,,99,Right,Left,82,234,102,0,,,0.08
12/20/2024 18:46:06,1.16.3,RevT_L,0,4.1,,99,Right,Left,82,235,102,0,,,0.11
12/20/2024 18:46:07,1.16.3,RevT_L,0,4.1,,99,Right,Left,82,236,102,0,,,0.0
12/20/2024 18:46:09,1.16.3,RevT_L,0,4.1,,99,Right,Left,82,237,102,0,,,0.06
12/20/2024 18:46:12,1.16.3,RevT_L,0,4.11,,99,Right,Left,82,238,102,0,,,0.09
12/20/2024 18:46:14,1.16.3,RevT_L,0,4.11,,99,Right,Left,82,239,102,0,,,0.21
12/20/2024 18:46:15,1.16.3,RevT_L,0,4.1,,99,Left,Left,83,239,102,0,,,0.07
12/20/2024 18:46:20,1.16.3,RevT_L,0,4.11,3.0,99,Pellet,Left,83,239,103,0,0.42,45.0,
12/20/2024 18:47:34,1.16.3,RevT_L,0,4.11,,99,Right,Left,83,240,103,0,,,0.27
12/20/2024 18:47:36,1.16.3,RevT_L,0,4.1,,99,Left,Left,84,240,103,0,,,0.06
12/20/2024 18:47:40,1.16.3,RevT_L,0,4.11,2.0,99,Pellet,Left,84,240,104,0,2.08,80.0,
12/20/2024 18:59:00,1.16.3,RevT_L,0,4.1,,99,Right,Left,84,241,104,0,,,0.08
12/20/2024 19:02:46,1.16.3,RevT_L,0,4.11,,99,Right,Left,84,242,104,0,,,0.46
12/20/2024 19:02:48,1.16.3,RevT_L,0,4.1,,99,Right,Left,84,243,104,0,,,0.18
12/20/2024 19:03:05,1.16.3,RevT_L,0,4.1,,99,Right,Left,84,244,104,0,,,0.04
12/20/2024 19:03:08,1.16.3,RevT_L,0,4.1,,99,Left,Left,85,244,104,0,,,0.02
12/20/2024 19:03:19,1.16.3,RevT_L,0,4.1,1.0,99,Pellet,Left,85,244,105,0,10.18,939.0,
12/20/2024 19:03:42,1.16.3,RevT_L,0,4.11,,99,Right,Left,85,245,105,0,,,0.09
12/20/2024 19:03:50,1.16.3,RevT_L,0,4.1,,99,Left,Left,86,245,105,0,,,0.17
12/20/2024 19:03:51,1.16.3,RevT_L,0,4.1,1.0,99,Pellet,Left,86,245,106,0,0.55,32.0,
12/20/2024 19:04:20,1.16.3,RevT_L,0,4.1,,99,Left,Left,87,245,106,0,,,0.18
12/20/2024 19:04:24,1.16.3,RevT_L,0,4.1,2.0,99,Pellet,Left,87,245,107,0,0.67,33.0,
12/20/2024 19:05:17,1.16.3,RevT_L,0,4.1,,99,Right,Left,87,246,107,0,,,0.24
12/20/2024 19:11:27,1.16.3,RevT_L,0,4.11,,99,Right,Left,87,247,107,0,,,0.12
12/20/2024 19:12:30,1.16.3,RevT_L,0,4.1,,99,Left,Left,88,247,107,0,,,0.02
12/20/2024 19:12:57,1.16.3,RevT_L,0,4.1,1.0,99,Pellet,Left,88,247,108,0,26.25,513.0,
12/20/2024 19:13:20,1.16.3,RevT_L,0,4.09,,99,Right,Left,88,248,108,0,,,0.26
12/20/2024 19:13:21,1.16.3,RevT_L,0,4.1,,99,Right,Left,88,249,108,0,,,0.07
12/20/2024 19:24:12,1.16.3,RevT_L,0,4.1,,99,Right,Left,88,250,108,0,,,0.04
12/20/2024 19:26:40,1.16.3,RevT_L,0,4.1,,99,Left,Left,89,250,108,0,,,0.09
12/20/2024 19:26:42,1.16.3,RevT_L,0,4.1,1.0,99,Pellet,Left,89,250,109,0,0.55,824.0,
12/20/2024 19:27:06,1.16.3,RevT_L,0,4.1,,99,Left,Left,90,250,109,0,,,0.13
12/20/2024 19:27:10,1.16.3,RevT_L,0,4.1,1.0,99,Pellet,Left,90,250,110,0,2.75,29.0,
12/20/2024 19:27:43,1.16.3,RevT_L,0,4.11,,99,Right,Left,90,251,110,0,,,0.17
12/20/2024 19:27:46,1.16.3,RevT_L,0,4.09,,99,Right,Left,90,252,110,0,,,0.19
12/20/2024 19:27:48,1.16.3,RevT_L,0,4.1,,99,Left,Left,91,252,110,0,,,0.27
12/20/2024 19:27:49,1.16.3,RevT_L,0,4.1,1.0,99,Pellet,Left,91,252,111,0,0.36,39.0,
12/20/2024 19:28:08,1.16.3,RevT_L,0,4.1,,99,Right,Left,91,253,111,0,,,0.09
12/20/2024 19:28:09,1.16.3,RevT_L,0,4.1,,99,Right,Left,91,254,111,0,,,0.17
12/20/2024 19:28:21,1.16.3,RevT_L,0,4.1,,99,Right,Left,91,255,111,0,,,0.08
12/20/2024 19:28:24,1.16.3,RevT_L,0,4.1,,99,Left,Left,92,255,111,0,,,0.17
12/20/2024 19:28:27,1.16.3,RevT_L,0,4.1,2.0,99,Pellet,Left,92,255,112,0,0.42,38.0,
12/20/2024 19:33:34,1.16.3,RevT_L,0,4.1,,99,Left,Left,93,255,112,0,,,0.32
12/20/2024 19:33:36,1.16.3,RevT_L,0,4.1,,99,LeftWithPellet,Left,94,255,112,0,,,0.18
12/20/2024 19:40:50,1.16.3,RevT_L,0,4.1,,99,LeftWithPellet,Left,95,255,112,0,,,0.27
12/20/2024 19:41:55,1.16.3,RevT_L,0,4.1,,99,RightWithPellet,Left,95,256,112,0,,,0.04
12/20/2024 19:44:02,1.16.3,RevT_L,0,4.1,1.0,99,Pellet,Left,95,256,113,0,Timed_out,935.0,
12/20/2024 19:52:32,1.16.3,RevT_L,0,4.11,,99,Left,Left,96,256,113,0,,,0.13
12/20/2024 19:52:44,1.16.3,RevT_L,0,4.1,2.0,99,Pellet,Left,96,256,114,0,9.45,522.0,
12/20/2024 19:54:09,1.16.3,RevT_L,0,4.09,,99,Left,Left,97,256,114,0,,,0.22
12/20/2024 19:54:10,1.16.3,RevT_L,0,4.1,1.0,99,Pellet,Left,97,256,115,0,0.36,86.0,
12/20/2024 19:55:34,1.16.3,RevT_L,0,4.1,,99,Right,Left,97,257,115,0,,,0.24
12/20/2024 19:55:38,1.16.3,RevT_L,0,4.09,,99,Left,Left,98,257,115,0,,,0.08
12/20/2024 19:55:44,1.16.3,RevT_L,0,4.1,4.0,99,Pellet,Left,98,257,116,0,0.55,94.0,
12/20/2024 19:56:16,1.16.3,RevT_L,0,4.1,,99,Right,Left,98,258,116,0,,,0.05
12/20/2024 19:56:22,1.16.3,RevT_L,0,4.09,,99,Left,Left,99,258,116,0,,,0.14
12/20/2024 19:56:27,1.16.3,RevT_L,0,4.09,2.0,99,Pellet,Left,99,258,117,0,3.98,43.0,
12/20/2024 20:09:24,1.16.3,RevT_L,0,4.1,,99,Right,Left,99,259,117,0,,,0.3
12/20/2024 20:09:27,1.16.3,RevT_L,0,4.11,,99,Left,Left,100,259,117,0,,,0.02
12/20/2024 20:09:34,1.16.3,RevT_L,0,4.1,2.0,99,Pellet,Left,100,259,118,0,5.39,787.0,
12/20/2024 20:13:41,1.16.3,RevT_L,0,4.09,,99,Right,Left,100,260,118,0,,,0.04
12/20/2024 20:14:44,1.16.3,RevT_L,0,4.1,,99,Left,Left,101,260,118,0,,,0.21
12/20/2024 20:14:59,1.16.3,RevT_L,0,4.1,8.0,99,Pellet,Left,101,260,119,0,0.85,325.0,
12/20/2024 20:16:10,1.16.3,RevT_L,0,4.09,,99,Left,Left,102,260,119,0,,,0.28
12/20/2024 20:16:12,1.16.3,RevT_L,0,4.1,2.0,99,Pellet,Left,102,260,120,0,1.28,73.0,
12/20/2024 20:33:57,1.16.3,RevT_L,0,4.09,,99,Left,Left,103,260,120,0,,,0.24
12/20/2024 20:34:20,1.16.3,RevT_L,0,4.09,9.0,99,Pellet,Left,103,260,121,0,6.32,1088.0,
12/20/2024 20:39:30,1.16.3,RevT_L,0,4.1,,99,Right,Left,103,261,121,0,,,0.06
12/20/2024 20:40:40,1.16.3,RevT_L,0,4.09,,99,Right,Left,103,262,121,0,,,0.2
12/20/2024 20:47:36,1.16.3,RevT_L,0,4.09,,99,Right,Left,103,263,121,0,,,0.34
12/20/2024 20:47:38,1.16.3,RevT_L,0,4.1,,99,Left,Left,104,263,121,0,,,0.29
12/20/2024 20:47:42,1.16.3,RevT_L,0,4.09,3.0,99,Pellet,Left,104,263,122,0,0.42,802.0,
12/20/2024 20:48:22,1.16.3,RevT_L,0,4.1,,99,Right,Left,104,264,122,0,,,0.21
12/20/2024 20:48:28,1.16.3,RevT_L,0,4.1,,99,Left,Left,105,264,122,0,,,0.16
12/20/2024 20:48:33,1.16.3,RevT_L,0,4.1,3.0,99,Pellet,Left,105,264,123,0,1.03,50.0,
12/20/2024 20:48:53,1.16.3,RevT_L,0,4.09,,99,Left,Left,106,264,123,0,,,0.07
12/20/2024 20:48:56,1.16.3,RevT_L,0,4.09,3.0,99,Pellet,Left,106,264,124,0,0.36,24.0,
12/20/2024 20:49:28,1.16.3,RevT_L,0,4.1,,99,Right,Left,106,265,124,0,,,0.2
12/20/2024 20:49:32,1.16.3,RevT_L,0,4.09,,99,Right,Left,106,266,124,0,,,0.26
12/20/2024 20:49:35,1.16.3,RevT_L,0,4.09,,99,Left,Left,107,266,124,0,,,0.2
12/20/2024 20:49:39,1.16.3,RevT_L,0,4.1,2.0,99,Pellet,Left,107,266,125,0,1.10,43.0,
12/20/2024 20:58:12,1.16.3,RevT_L,0,4.09,,99,Left,Right,108,266,125,0,,,0.08
12/20/2024 22:03:56,1.16.3,RevT_L,0,4.09,,99,Right,Right,108,267,125,0,,,0.67
12/20/2024 22:04:03,1.16.3,RevT_L,0,4.09,4.0,99,Pellet,Right,108,267,126,0,1.16,4463.0,
12/20/2024 22:04:29,1.16.3,RevT_L,0,4.09,,99,Right,Right,108,268,126,0,,,0.32
12/20/2024 22:04:37,1.16.3,RevT_L,0,4.09,4.0,99,Pellet,Right,108,268,127,0,0.79,35.0,
12/20/2024 22:05:01,1.16.3,RevT_L,0,4.09,,99,Right,Right,108,269,127,0,,,0.14
12/20/2024 22:05:13,1.16.3,RevT_L,0,4.09,7.0,99,Pellet,Right,108,269,128,0,0.73,36.0,
12/20/2024 22:05:38,1.16.3,RevT_L,0,4.09,,99,Right,Right,108,270,128,0,,,0.14
12/20/2024 22:07:00,1.16.3,RevT_L,0,4.09,11.0,99,Pellet,Right,108,270,129,0,52.53,107.0,
12/20/2024 22:07:37,1.16.3,RevT_L,0,4.09,,99,Right,Right,108,271,129,0,,,0.23
12/20/2024 22:08:13,1.16.3,RevT_L,0,4.09,5.0,99,Pellet,Right,108,271,130,0,26.57,73.0,
12/20/2024 22:11:54,1.16.3,RevT_L,0,4.09,,99,Left,Right,109,271,130,0,,,0.05
12/20/2024 22:20:53,1.16.3,RevT_L,0,4.09,,99,Left,Right,110,271,130,0,,,0.23
12/20/2024 22:23:58,1.16.3,RevT_L,0,4.09,,99,Left,Right,111,271,130,0,,,0.04
12/20/2024 22:24:05,1.16.3,RevT_L,0,4.09,,99,Right,Right,111,272,130,0,,,0.16
12/20/2024 22:24:21,1.16.3,RevT_L,0,4.09,4.0,99,Pellet,Right,111,272,131,0,11.29,968.0,
12/20/2024 22:25:44,1.16.3,RevT_L,0,4.09,,99,Left,Right,112,272,131,0,,,0.17
12/20/2024 22:44:54,1.16.3,RevT_L,0,4.09,,99,Right,Right,112,273,131,0,,,0.02
12/20/2024 22:44:57,1.16.3,RevT_L,0,4.09,2.0,99,Pellet,Right,112,273,132,0,1.83,1236.0,
12/21/2024 0:14:42,1.16.3,RevT_L,0,4.09,,99,Right,Right,112,274,132,0,,,0.4
12/21/2024 0:14:45,1.16.3,RevT_L,0,4.09,2.0,99,Pellet,Right,112,274,133,0,1.77,5388.0,
12/21/2024 0:15:04,1.16.3,RevT_L,0,4.09,,99,Right,Right,112,275,133,0,,,0.09
12/21/2024 0:16:12,1.16.3,RevT_L,0,4.09,6.0,99,Pellet,Right,112,275,134,0,57.52,87.0,
12/21/2024 0:17:10,1.16.3,RevT_L,0,4.09,,99,Left,Right,113,275,134,0,,,0.62
12/21/2024 0:17:12,1.16.3,RevT_L,0,4.09,,99,Left,Right,114,275,134,0,,,0.29
12/21/2024 0:17:17,1.16.3,RevT_L,0,4.09,,99,Left,Right,115,275,134,0,,,0.82
12/21/2024 0:17:22,1.16.3,RevT_L,0,4.09,,99,Right,Right,115,276,134,0,,,0.52
12/21/2024 0:17:33,1.16.3,RevT_L,0,4.09,,99,LeftDuringDispense,Right,116,276,134,0,,,0.2
12/21/2024 0:17:48,1.16.3,RevT_L,0,4.09,8.0,99,Pellet,Right,116,276,135,0,11.72,96.0,
12/21/2024 0:18:19,1.16.3,RevT_L,0,4.09,,99,Right,Right,116,277,135,0,,,0.06
12/21/2024 0:19:14,1.16.3,RevT_L,0,4.09,10.0,99,Pellet,Right,116,277,136,0,37.23,86.0,
12/21/2024 0:22:04,1.16.3,RevT_L,0,4.09,,99,Right,Right,116,278,136,0,,,0.17
12/21/2024 0:22:46,1.16.3,RevT_L,0,4.09,,99,RightWithPellet,Right,116,279,136,0,,,0.08
12/21/2024 0:22:52,1.16.3,RevT_L,0,4.09,15.0,99,Pellet,Right,116,279,137,0,7.69,218.0,
12/21/2024 0:32:57,1.16.3,RevT_L,0,4.09,,99,Left,Right,117,279,137,0,,,0.02
12/21/2024 0:42:43,1.16.3,RevT_L,0,4.09,,99,Left,Right,118,279,137,0,,,0.09
12/21/2024 0:43:20,1.16.3,RevT_L,0,4.09,,99,Left,Right,119,279,137,0,,,0.0
12/21/2024 0:43:25,1.16.3,RevT_L,0,4.09,,99,Left,Right,120,279,137,0,,,0.16
12/21/2024 0:43:32,1.16.3,RevT_L,0,4.08,,99,Left,Right,121,279,137,0,,,0.04
12/21/2024 0:43:35,1.16.3,RevT_L,0,4.08,,99,Left,Right,122,279,137,0,,,0.33
12/21/2024 0:43:40,1.16.3,RevT_L,0,4.09,,99,Left,Right,123,279,137,0,,,0.55
12/21/2024 0:43:41,1.16.3,RevT_L,0,4.09,,99,Left,Right,124,279,137,0,,,0.88
12/21/2024 0:43:43,1.16.3,RevT_L,0,4.09,,99,Left,Right,125,279,137,0,,,0.09
12/21/2024 0:43:44,1.16.3,RevT_L,0,4.09,,99,Left,Right,126,279,137,0,,,0.01
12/21/2024 0:43:44,1.16.3,RevT_L,0,4.09,,99,Left,Right,127,279,137,0,,,0.02
12/21/2024 0:43:45,1.16.3,RevT_L,0,4.09,,99,Left,Right,128,279,137,0,,,0.08
12/21/2024 0:43:46,1.16.3,RevT_L,0,4.09,,99,Left,Right,129,279,137,0,,,0.27
12/21/2024 0:43:47,1.16.3,RevT_L,0,4.09,,99,Left,Right,130,279,137,0,,,0.16
12/21/2024 0:43:52,1.16.3,RevT_L,0,4.09,,99,Left,Right,131,279,137,0,,,0.23
12/21/2024 0:44:02,1.16.3,RevT_L,0,4.09,,99,Right,Right,131,280,137,0,,,0.23
12/21/2024 0:44:04,1.16.3,RevT_L,0,4.09,2.0,99,Pellet,Right,131,280,138,0,0.73,1272.0,
12/21/2024 0:44:42,1.16.3,RevT_L,0,4.09,,99,Right,Right,131,281,138,0,,,0.04
12/21/2024 0:44:51,1.16.3,RevT_L,0,4.09,5.0,99,Pellet,Right,131,281,139,0,1.40,47.0,
12/21/2024 0:45:24,1.16.3,RevT_L,0,4.09,,99,Left,Right,132,281,139,0,,,0.08
12/21/2024 0:47:05,1.16.3,RevT_L,0,4.09,,99,Right,Right,132,282,139,0,,,0.2
12/21/2024 0:47:43,1.16.3,RevT_L,0,4.08,,99,LeftDuringDispense,Right,133,282,139,0,,,0.03
12/21/2024 0:48:06,1.16.3,RevT_L,0,4.08,21.0,99,Pellet,Right,133,282,140,0,3.37,195.0,
12/21/2024 0:50:08,1.16.3,RevT_L,0,4.09,,99,Right,Right,133,283,140,0,,,0.22
12/21/2024 0:50:11,1.16.3,RevT_L,0,4.08,,99,RightDuringDispense,Right,133,284,140,0,,,0.04
12/21/2024 0:51:24,1.16.3,RevT_L,0,4.09,11.0,99,Pellet,Right,133,284,141,0,45.66,198.0,
12/21/2024 2:35:23,1.16.3,RevT_L,0,4.08,,99,Left,Right,134,284,141,0,,,0.07
12/21/2024 2:35:26,1.16.3,RevT_L,0,4.08,,99,Right,Right,134,285,141,0,,,0.02
12/21/2024 2:35:44,1.16.3,RevT_L,0,4.08,,99,RightDuringDispense,Right,134,286,141,0,,,0.06
12/21/2024 2:36:01,1.16.3,RevT_L,0,4.08,11.0,99,Pellet,Right,134,286,142,0,4.47,6277.0,
12/21/2024 2:36:38,1.16.3,RevT_L,0,4.08,,99,Right,Right,134,287,142,0,,,0.35
12/21/2024 2:37:26,1.16.3,RevT_L,0,4.08,17.0,99,Pellet,Right,134,287,143,0,1.40,85.0,
12/21/2024 4:01:56,1.16.3,RevT_L,0,4.07,,99,Right,Right,134,288,143,0,,,0.29
12/21/2024 4:02:22,1.16.3,RevT_L,0,4.08,,99,LeftDuringDispense,Right,135,288,143,0,,,0.1
12/21/2024 4:02:24,1.16.3,RevT_L,0,4.07,,99,LeftDuringDispense,Right,136,288,143,0,,,0.36
12/21/2024 4:02:27,1.16.3,RevT_L,0,4.07,,99,LeftDuringDispense,Right,137,288,143,0,,,0.32
12/21/2024 4:02:29,1.16.3,RevT_L,0,4.07,,99,LeftWithPellet,Right,138,288,143,0,,,0.06
12/21/2024 4:02:35,1.16.3,RevT_L,0,4.07,,99,LeftWithPellet,Right,139,288,143,0,,,0.16
12/21/2024 4:02:36,1.16.3,RevT_L,0,4.07,11.0,99,Pellet,Right,139,288,144,0,7.94,5110.0,
12/21/2024 4:03:11,1.16.3,RevT_L,0,4.07,,99,Left,Right,140,288,144,0,,,0.13
12/21/2024 4:03:13,1.16.3,RevT_L,0,4.08,,99,Right,Right,140,289,144,0,,,0.25
12/21/2024 4:03:22,1.16.3,RevT_L,0,4.07,,99,RightDuringDispense,Right,140,290,144,0,,,0.14
12/21/2024 4:03:40,1.16.3,RevT_L,0,4.07,,99,RightDuringDispense,Right,140,291,144,0,,,0.09
12/21/2024 4:04:31,1.16.3,RevT_L,0,4.07,,99,RightDuringDispense,Right,140,292,144,0,,,0.3
12/21/2024 4:04:37,1.16.3,RevT_L,0,4.07,,99,RightDuringDispense,Right,140,293,144,0,,,0.01
12/21/2024 4:04:39,1.16.3,RevT_L,0,4.07,,99,RightDuringDispense,Right,140,294,144,0,,,0.08
12/21/2024 4:04:43,1.16.3,RevT_L,0,4.07,,99,LeftDuringDispense,Right,141,294,144,0,,,0.2
12/21/2024 4:04:48,1.16.3,RevT_L,0,4.07,,99,RightDuringDispense,Right,141,295,144,0,,,0.19
12/21/2024 4:04:51,1.16.3,RevT_L,0,4.07,,99,LeftDuringDispense,Right,142,295,144,0,,,0.03
12/21/2024 4:04:51,1.16.3,RevT_L,0,4.07,,99,LeftDuringDispense,Right,143,295,144,0,,,0.05
12/21/2024 4:04:54,1.16.3,RevT_L,0,4.07,,99,RightDuringDispense,Right,143,296,144,0,,,0.58
12/21/2024 4:05:12,1.16.3,RevT_L,0,4.07,,99,LeftDuringDispense,Right,144,296,144,0,,,0.27
12/21/2024 4:05:18,1.16.3,RevT_L,0,4.07,,99,RightDuringDispense,Right,144,297,144,0,,,0.22
12/21/2024 4:05:24,1.16.3,RevT_L,0,4.07,41.0,99,Pellet,Right,144,297,145,0,3.18,167.0,
12/21/2024 4:06:16,1.16.3,RevT_L,0,4.07,,99,Right,Right,144,298,145,0,,,0.05
12/21/2024 4:06:24,1.16.3,RevT_L,0,4.07,4.0,99,Pellet,Right,144,298,146,0,0.85,61.0,
12/21/2024 4:08:46,1.16.3,RevT_L,0,4.07,,99,Left,Right,145,298,146,0,,,0.07
12/21/2024 4:12:41,1.16.3,RevT_L,0,4.07,,99,Left,Right,146,298,146,0,,,0.12
12/21/2024 4:25:17,1.16.3,RevT_L,0,4.07,,99,Right,Right,146,299,146,0,,,0.08
12/21/2024 4:26:22,1.16.3,RevT_L,0,4.07,,99,RightDuringDispense,Right,146,300,146,0,,,0.08
12/21/2024 4:26:27,1.16.3,RevT_L,0,4.07,,99,LeftDuringDispense,Right,147,300,146,0,,,0.26
12/21/2024 4:26:28,1.16.3,RevT_L,0,4.07,,99,LeftDuringDispense,Right,148,300,146,0,,,0.18
12/21/2024 4:39:39,1.16.3,RevT_L,0,4.07,159.0,99,Pellet,Right,148,300,147,0,Timed_out,1995.0,
12/21/2024 4:40:25,1.16.3,RevT_L,0,4.07,,99,Left,Right,149,300,147,0,,,0.26
12/21/2024 4:40:55,1.16.3,RevT_L,0,4.07,,99,Right,Right,149,301,147,0,,,0.01
12/21/2024 6:19:56,1.16.3,RevT_L,0,4.07,51.0,99,Pellet,Right,149,301,148,0,Timed_out,6017.0,
12/21/2024 6:20:36,1.16.3,RevT_L,0,4.06,,99,Left,Right,150,301,148,0,,,0.46
12/21/2024 6:20:41,1.16.3,RevT_L,0,4.06,,99,Right,Right,150,302,148,0,,,0.28
12/21/2024 6:21:19,1.16.3,RevT_L,0,4.06,,99,RightDuringDispense,Right,150,303,148,0,,,0.05
12/21/2024 6:21:19,1.16.3,RevT_L,0,4.07,,99,RightDuringDispense,Right,150,304,148,0,,,0.04
12/21/2024 6:21:34,1.16.3,RevT_L,0,4.06,19.0,99,Pellet,Right,150,304,149,0,1.03,98.0,
12/21/2024 6:22:39,1.16.3,RevT_L,0,4.07,,99,Right,Right,150,305,149,0,,,0.01
12/21/2024 6:23:01,1.16.3,RevT_L,0,4.06,,99,LeftDuringDispense,Right,151,305,149,0,,,0.2
12/21/2024 6:23:22,1.16.3,RevT_L,0,4.06,,99,RightDuringDispense,Right,151,306,149,0,,,0.65
12/21/2024 6:27:06,1.16.3,RevT_L,0,4.06,,99,RightDuringDispense,Right,151,307,149,0,,,0.14
12/21/2024 6:27:22,1.16.3,RevT_L,0,4.06,,99,LeftDuringDispense,Right,152,307,149,0,,,0.06
12/21/2024 6:27:25,1.16.3,RevT_L,0,4.06,,99,RightDuringDispense,Right,152,308,149,0,,,0.12
12/21/2024 6:27:30,1.16.3,RevT_L,0,4.06,,99,LeftDuringDispense,Right,153,308,149,0,,,0.29
12/21/2024 6:27:33,1.16.3,RevT_L,0,4.05,,99,RightDuringDispense,Right,153,309,149,0,,,0.15
12/21/2024 6:27:43,1.16.3,RevT_L,0,4.05,,99,RightDuringDispense,Right,153,310,149,0,,,0.06
12/21/2024 6:36:21,1.16.3,RevT_L,0,4.05,,99,RightDuringDispense,Right,153,311,149,0,,,0.07
12/21/2024 6:37:23,1.16.3,RevT_L,0,4.05,291.0,99,Pellet,Right,153,311,150,0,0.06,949.0,
12/21/2024 6:37:25,1.16.3,RevT_L,0,4.05,,99,Right,Left,153,312,150,0,,,0.28
12/21/2024 6:37:27,1.16.3,RevT_L,0,4.05,,99,Left,Left,154,312,150,0,,,0.35
12/21/2024 6:38:07,1.16.3,RevT_L,0,4.05,14.0,99,Pellet,Left,154,312,151,0,0.06,44.0,
12/21/2024 6:38:41,1.16.3,RevT_L,0,4.05,,99,Right,Left,154,313,151,0,,,0.27
12/21/2024 6:38:44,1.16.3,RevT_L,0,4.05,,99,Left,Left,155,313,151,0,,,0.28
12/21/2024 6:38:53,1.16.3,RevT_L,0,4.05,,99,LeftDuringDispense,Left,156,313,151,0,,,0.38
12/21/2024 6:39:03,1.16.3,RevT_L,0,4.05,,99,RightDuringDispense,Left,156,314,151,0,,,0.15
12/21/2024 6:39:05,1.16.3,RevT_L,0,4.05,,99,LeftDuringDispense,Left,157,314,151,0,,,0.27
12/21/2024 6:39:06,1.16.3,RevT_L,0,4.05,,99,LeftDuringDispense,Left,158,314,151,0,,,0.23
12/21/2024 6:39:09,1.16.3,RevT_L,0,4.05,,99,LeftDuringDispense,Left,159,314,151,0,,,0.59
12/21/2024 6:39:23,1.16.3,RevT_L,0,4.05,,99,RightDuringDispense,Left,159,315,151,0,,,0.13
12/21/2024 6:39:47,1.16.3,RevT_L,0,4.05,,99,RightDuringDispense,Left,159,316,151,0,,,0.29
12/21/2024 6:39:50,1.16.3,RevT_L,0,4.05,,99,RightDuringDispense,Left,159,317,151,0,,,0.77
12/21/2024 6:41:07,1.16.3,RevT_L,0,4.05,,99,LeftDuringDispense,Left,160,317,151,0,,,0.18
12/21/2024 6:41:10,1.16.3,RevT_L,0,4.05,,99,LeftDuringDispense,Left,161,317,151,0,,,0.2
12/21/2024 6:50:08,1.16.3,RevT_L,0,4.04,,99,RightDuringDispense,Left,161,318,151,0,,,0.69
12/21/2024 6:50:12,1.16.3,RevT_L,0,4.05,,99,RightDuringDispense,Left,161,319,151,0,,,0.03
12/21/2024 6:50:17,1.16.3,RevT_L,0,4.04,,99,RightDuringDispense,Left,161,320,151,0,,,0.15
12/21/2024 6:50:19,1.16.3,RevT_L,0,4.04,,99,LeftDuringDispense,Left,162,320,151,0,,,0.21
12/21/2024 6:50:29,1.16.3,RevT_L,0,4.04,,99,RightDuringDispense,Left,162,321,151,0,,,0.31
12/21/2024 6:50:30,1.16.3,RevT_L,0,4.04,,99,RightDuringDispense,Left,162,322,151,0,,,0.47
12/21/2024 6:50:30,1.16.3,RevT_L,0,4.04,,99,RightDuringDispense,Left,162,323,151,0,,,0.14
12/21/2024 6:50:38,1.16.3,RevT_L,0,4.05,,99,LeftDuringDispense,Left,163,323,151,0,,,0.12
12/21/2024 6:51:57,1.16.3,RevT_L,0,4.05,,99,RightDuringDispense,Left,163,324,151,0,,,0.28
12/21/2024 6:52:01,1.16.3,RevT_L,0,4.04,,99,LeftDuringDispense,Left,164,324,151,0,,,0.29
12/21/2024 6:52:02,1.16.3,RevT_L,0,4.04,,99,LeftDuringDispense,Left,165,324,151,0,,,0.3
12/21/2024 6:52:18,1.16.3,RevT_L,0,4.04,268.0,99,Pellet,Left,165,324,152,0,0.06,851.0,
12/21/2024 6:52:20,1.16.3,RevT_L,0,4.04,,99,Left,Left,166,324,152,0,,,0.09
12/21/2024 6:52:48,1.16.3,RevT_L,0,4.04,,99,LeftDuringDispense,Left,167,324,152,0,,,0.03
12/21/2024 6:53:46,1.16.3,RevT_L,0,4.04,,99,RightDuringDispense,Left,167,325,152,0,,,0.48
12/21/2024 6:53:46,1.16.3,RevT_L,0,4.04,,99,RightDuringDispense,Left,167,326,152,0,,,0.09
12/21/2024 6:54:19,1.16.3,RevT_L,0,4.04,,99,RightDuringDispense,Left,167,327,152,0,,,0.08
12/21/2024 6:54:57,1.16.3,RevT_L,0,4.03,,99,RightDuringDispense,Left,167,328,152,0,,,0.35
12/21/2024 6:56:20,1.16.3,RevT_L,0,4.04,,99,RightDuringDispense,Left,167,329,152,0,,,0.21
12/21/2024 6:56:23,1.16.3,RevT_L,0,4.04,,99,LeftDuringDispense,Left,168,329,152,0,,,0.27
12/21/2024 6:56:25,1.16.3,RevT_L,0,4.04,,99,LeftDuringDispense,Left,169,329,152,0,,,0.28
12/21/2024 6:56:26,1.16.3,RevT_L,0,4.04,,99,LeftDuringDispense,Left,170,329,152,0,,,0.08
12/21/2024 6:57:04,1.16.3,RevT_L,0,4.04,,99,RightDuringDispense,Left,170,330,152,0,,,0.11
12/21/2024 6:59:51,1.16.3,RevT_L,0,4.04,,99,LeftDuringDispense,Left,171,330,152,0,,,0.25
12/21/2024 8:08:10,1.16.3,RevT_L,0,4.0,,99,RightDuringDispense,Left,171,331,152,0,,,0.29
12/21/2024 8:08:18,1.16.3,RevT_L,0,4.0,,99,RightDuringDispense,Left,171,332,152,0,,,0.06
12/21/2024 8:08:21,1.16.3,RevT_L,0,4.01,,99,RightDuringDispense,Left,171,333,152,0,,,0.16
12/21/2024 8:09:09,1.16.3,RevT_L,0,4.0,,99,RightDuringDispense,Left,171,334,152,0,,,0.13
12/21/2024 8:10:02,1.16.3,RevT_L,0,4.01,,99,RightDuringDispense,Left,171,335,152,0,,,2.28
12/21/2024 8:10:03,1.16.3,RevT_L,0,4.01,,99,RightDuringDispense,Left,171,336,152,0,,,1.09
12/21/2024 8:10:06,1.16.3,RevT_L,0,4.0,,99,RightDuringDispense,Left,171,337,152,0,,,0.39
12/21/2024 8:10:07,1.16.3,RevT_L,0,4.0,,99,RightDuringDispense,Left,171,338,152,0,,,0.29
12/21/2024 8:10:09,1.16.3,RevT_L,0,4.0,,99,RightDuringDispense,Left,171,339,152,0,,,1.61
12/21/2024 8:10:11,1.16.3,RevT_L,0,4.0,,99,RightDuringDispense,Left,171,340,152,0,,,0.81
12/21/2024 8:10:12,1.16.3,RevT_L,0,4.0,,99,RightDuringDispense,Left,171,341,152,0,,,0.4
12/21/2024 8:10:19,1.16.3,RevT_L,0,4.0,,99,RightDuringDispense,Left,171,342,152,0,,,0.55
12/21/2024 8:10:20,1.16.3,RevT_L,0,4.0,,99,RightDuringDispense,Left,171,343,152,0,,,0.18
12/21/2024 8:11:01,1.16.3,RevT_L,0,4.0,,99,RightDuringDispense,Left,171,344,152,0,,,1.07
12/21/2024 8:11:02,1.16.3,RevT_L,0,4.0,,99,RightDuringDispense,Left,171,345,152,0,,,0.17
12/21/2024 8:11:29,1.16.3,RevT_L,0,4.0,,99,RightDuringDispense,Left,171,346,152,0,,,0.06
12/21/2024 8:12:11,1.16.3,RevT_L,0,4.0,,99,LeftDuringDispense,Left,172,346,152,0,,,0.36
12/21/2024 8:12:12,1.16.3,RevT_L,0,4.0,,99,LeftDuringDispense,Left,173,346,152,0,,,0.08
12/21/2024 8:12:13,1.16.3,RevT_L,0,4.0,,99,LeftDuringDispense,Left,174,346,152,0,,,0.55
12/21/2024 8:12:15,1.16.3,RevT_L,0,4.01,,99,LeftDuringDispense,Left,175,346,152,0,,,0.16
12/21/2024 8:12:18,1.16.3,RevT_L,0,4.0,,99,LeftDuringDispense,Left,176,346,152,0,,,0.36
12/21/2024 8:12:19,1.16.3,RevT_L,0,4.0,,99,LeftDuringDispense,Left,177,346,152,0,,,0.2
12/21/2024 8:12:22,1.16.3,RevT_L,0,4.0,,99,LeftDuringDispense,Left,178,346,152,0,,,0.05
12/21/2024 8:12:26,1.16.3,RevT_L,0,4.0,,99,LeftDuringDispense,Left,179,346,152,0,,,0.84
12/21/2024 8:12:29,1.16.3,RevT_L,0,4.0,,99,LeftDuringDispense,Left,180,346,152,0,,,0.07
12/21/2024 8:12:54,1.16.3,RevT_L,0,4.0,,99,RightDuringDispense,Left,180,347,152,0,,,0.01
12/21/2024 8:13:07,1.16.3,RevT_L,0,4.0,,99,LeftDuringDispense,Left,181,347,152,0,,,0.32
12/21/2024 8:13:08,1.16.3,RevT_L,0,4.0,,99,LeftDuringDispense,Left,182,347,152,0,,,0.5
12/21/2024 8:13:09,1.16.3,RevT_L,0,4.0,,99,LeftDuringDispense,Left,183,347,152,0,,,0.37
12/21/2024 8:13:10,1.16.3,RevT_L,0,4.0,,99,LeftDuringDispense,Left,184,347,152,0,,,0.9
12/21/2024 8:13:11,1.16.3,RevT_L,0,4.0,,99,LeftDuringDispense,Left,185,347,152,0,,,0.52
12/21/2024 8:17:58,1.16.3,RevT_L,0,4.0,,99,RightDuringDispense,Left,185,348,152,0,,,0.05
12/21/2024 8:18:56,1.16.3,RevT_L,0,4.0,,99,RightDuringDispense,Left,185,349,152,0,,,0.09
12/21/2024 8:21:00,1.16.3,RevT_L,0,4.0,,99,LeftDuringDispense,Left,186,349,152,0,,,0.04
12/21/2024 8:21:02,1.16.3,RevT_L,0,4.0,,99,LeftDuringDispense,Left,187,349,152,0,,,1.6
12/21/2024 8:21:03,1.16.3,RevT_L,0,4.0,,99,LeftDuringDispense,Left,188,349,152,0,,,0.44
12/21/2024 8:21:04,1.16.3,RevT_L,0,4.0,,99,LeftDuringDispense,Left,189,349,152,0,,,0.36
12/21/2024 8:21:04,1.16.3,RevT_L,0,4.0,,99,LeftDuringDispense,Left,190,349,152,0,,,0.31
12/21/2024 8:21:05,1.16.3,RevT_L,0,4.0,,99,LeftDuringDispense,Left,191,349,152,0,,,0.07
12/21/2024 8:21:06,1.16.3,RevT_L,0,4.0,,99,LeftDuringDispense,Left,192,349,152,0,,,0.02
12/21/2024 8:21:07,1.16.3,RevT_L,0,4.0,,99,LeftDuringDispense,Left,193,349,152,0,,,0.26
12/21/2024 8:21:08,1.16.3,RevT_L,0,4.0,,99,LeftDuringDispense,Left,194,349,152,0,,,0.19
12/21/2024 8:21:08,1.16.3,RevT_L,0,4.0,,99,LeftDuringDispense,Left,195,349,152,0,,,0.06
12/21/2024 8:21:09,1.16.3,RevT_L,0,4.0,,99,LeftDuringDispense,Left,196,349,152,0,,,0.04
12/21/2024 8:21:16,1.16.3,RevT_L,0,4.0,,99,RightDuringDispense,Left,196,350,152,0,,,2.07
12/21/2024 8:21:17,1.16.3,RevT_L,0,4.0,,99,RightDuringDispense,Left,196,351,152,0,,,0.39
12/21/2024 8:21:24,1.16.3,RevT_L,0,4.0,,99,RightDuringDispense,Left,196,352,152,0,,,0.48
12/21/2024 8:24:07,1.16.3,RevT_L,0,4.0,,99,RightDuringDispense,Left,196,353,152,0,,,0.17
12/21/2024 8:24:08,1.16.3,RevT_L,0,4.0,,99,RightDuringDispense,Left,196,354,152,0,,,0.14
12/21/2024 8:33:56,1.16.3,RevT_L,0,3.99,,99,LeftDuringDispense,Left,197,354,152,0,,,1.05
12/21/2024 8:33:58,1.16.3,RevT_L,0,4.0,,99,LeftDuringDispense,Left,198,354,152,0,,,1.63
12/21/2024 8:34:03,1.16.3,RevT_L,0,4.0,,99,LeftDuringDispense,Left,199,354,152,0,,,0.76
12/21/2024 8:35:29,1.16.3,RevT_L,0,3.99,,99,LeftDuringDispense,Left,200,354,152,0,,,0.25
12/21/2024 8:35:30,1.16.3,RevT_L,0,3.99,,99,RightDuringDispense,Left,200,355,152,0,,,0.1
12/21/2024 8:35:31,1.16.3,RevT_L,0,3.99,,99,RightDuringDispense,Left,200,356,152,0,,,0.04
12/21/2024 8:42:50,1.16.3,RevT_L,0,3.99,,99,RightDuringDispense,Left,200,357,152,0,,,0.33
12/21/2024 8:48:39,1.16.3,RevT_L,0,3.99,,99,RightDuringDispense,Left,200,358,152,0,,,0.09
12/21/2024 8:49:26,1.16.3,RevT_L,0,3.99,,99,LeftDuringDispense,Left,201,358,152,0,,,0.26
12/21/2024 8:49:26,1.16.3,RevT_L,0,3.98,,99,LeftDuringDispense,Left,202,358,152,0,,,0.09
12/21/2024 8:49:50,1.16.3,RevT_L,0,3.98,,99,LeftDuringDispense,Left,203,358,152,0,,,0.37
12/21/2024 8:55:01,1.16.3,RevT_L,0,3.98,,99,LeftDuringDispense,Left,204,358,152,0,,,0.07
12/21/2024 8:55:01,1.16.3,RevT_L,0,3.98,,99,LeftDuringDispense,Left,205,358,152,0,,,0.07
12/21/2024 9:36:14,1.16.3,RevT_L,0,3.96,,99,RightDuringDispense,Left,205,359,152,0,,,0.08
12/21/2024 9:36:14,1.16.3,RevT_L,0,3.96,,99,RightDuringDispense,Left,205,360,152,0,,,0.36
12/21/2024 9:36:22,1.16.3,RevT_L,0,3.96,,99,LeftDuringDispense,Left,206,360,152,0,,,0.3
12/21/2024 9:36:25,1.16.3,RevT_L,0,3.97,,99,LeftDuringDispense,Left,207,360,152,0,,,0.09
12/21/2024 9:36:25,1.16.3,RevT_L,0,3.96,,99,LeftDuringDispense,Left,208,360,152,0,,,0.27
12/21/2024 9:36:27,1.16.3,RevT_L,0,3.96,,99,LeftDuringDispense,Left,209,360,152,0,,,0.19
12/21/2024 9:36:30,1.16.3,RevT_L,0,3.96,,99,RightDuringDispense,Left,209,361,152,0,,,0.17
12/21/2024 9:36:35,1.16.3,RevT_L,0,3.96,,99,LeftDuringDispense,Left,210,361,152,0,,,0.41
12/21/2024 9:36:36,1.16.3,RevT_L,0,3.96,,99,LeftDuringDispense,Left,211,361,152,0,,,0.64
12/21/2024 9:36:37,1.16.3,RevT_L,0,3.96,,99,LeftDuringDispense,Left,212,361,152,0,,,0.4
12/21/2024 9:36:39,1.16.3,RevT_L,0,3.96,,99,RightDuringDispense,Left,212,362,152,0,,,0.11
12/21/2024 9:39:03,1.16.3,RevT_L,0,3.96,,99,RightDuringDispense,Left,212,363,152,0,,,0.14
12/21/2024 9:39:14,1.16.3,RevT_L,0,3.96,,99,RightDuringDispense,Left,212,364,152,0,,,0.11
12/21/2024 9:39:46,1.16.3,RevT_L,0,3.96,,99,RightDuringDispense,Left,212,365,152,0,,,0.05
12/21/2024 9:43:27,1.16.3,RevT_L,0,3.96,3372.0,99,Pellet,Left,212,365,153,0,0.06,10269.0,
12/21/2024 9:43:51,1.16.3,RevT_L,0,3.96,,99,Left,Left,213,365,153,0,,,0.52
12/21/2024 9:54:19,1.16.3,RevT_L,0,3.96,,99,RightDuringDispense,Left,213,366,153,0,,,0.05
12/21/2024 9:54:19,1.16.3,RevT_L,0,3.95,,99,RightDuringDispense,Left,213,367,153,0,,,0.11
12/21/2024 9:54:27,1.16.3,RevT_L,0,3.95,,99,RightDuringDispense,Left,213,368,153,0,,,0.34
12/21/2024 9:54:31,1.16.3,RevT_L,0,3.95,,99,RightDuringDispense,Left,213,369,153,0,,,0.71
12/21/2024 9:57:33,1.16.3,RevT_L,0,3.95,,99,LeftDuringDispense,Left,214,369,153,0,,,0.09
12/21/2024 9:57:54,1.16.3,RevT_L,0,3.95,,99,RightDuringDispense,Left,214,370,153,0,,,0.32
12/21/2024 10:04:00,1.16.3,RevT_L,0,3.95,,99,RightDuringDispense,Left,214,371,153,0,,,0.18
12/21/2024 10:16:40,1.16.3,RevT_L,0,3.94,,99,RightDuringDispense,Left,214,372,153,0,,,0.1
12/21/2024 10:16:43,1.16.3,RevT_L,0,3.94,,99,LeftDuringDispense,Left,215,372,153,0,,,0.13
12/21/2024 11:02:08,1.16.3,RevT_L,0,3.92,,99,RightDuringDispense,Left,215,373,153,0,,,0.35
12/21/2024 11:02:11,1.16.3,RevT_L,0,3.93,,99,LeftDuringDispense,Left,216,373,153,0,,,0.23
12/21/2024 11:02:14,1.16.3,RevT_L,0,3.93,,99,LeftDuringDispense,Left,217,373,153,0,,,0.21
12/21/2024 11:02:39,1.16.3,RevT_L,0,3.93,,99,RightDuringDispense,Left,217,374,153,0,,,0.53
12/21/2024 11:03:04,1.16.3,RevT_L,0,3.92,,99,LeftDuringDispense,Left,218,374,153,0,,,0.3
12/21/2024 11:03:06,1.16.3,RevT_L,0,3.93,,99,RightDuringDispense,Left,218,375,153,0,,,0.22
12/21/2024 11:03:11,1.16.3,RevT_L,0,3.93,,99,RightDuringDispense,Left,218,376,153,0,,,0.4
12/21/2024 11:03:14,1.16.3,RevT_L,0,3.92,,99,LeftDuringDispense,Left,219,376,153,0,,,0.17
12/21/2024 11:03:28,1.16.3,RevT_L,0,3.93,,99,RightDuringDispense,Left,219,377,153,0,,,0.09
12/21/2024 11:03:30,1.16.3,RevT_L,0,3.93,,99,RightDuringDispense,Left,219,378,153,0,,,0.12
12/21/2024 11:03:32,1.16.3,RevT_L,0,3.93,,99,RightDuringDispense,Left,219,379,153,0,,,0.77
12/21/2024 11:03:33,1.16.3,RevT_L,0,3.93,,99,RightDuringDispense,Left,219,380,153,0,,,0.12
12/21/2024 11:03:34,1.16.3,RevT_L,0,3.93,,99,RightDuringDispense,Left,219,381,153,0,,,0.62
12/21/2024 11:05:58,1.16.3,RevT_L,0,3.92,,99,LeftDuringDispense,Left,220,381,153,0,,,0.42
12/21/2024 11:13:32,1.16.3,RevT_L,0,3.92,,99,RightDuringDispense,Left,220,382,153,0,,,0.04
12/21/2024 11:33:41,1.16.3,RevT_L,0,3.91,2165.0,99,Pellet,Left,220,382,154,0,23.27,6614.0,
12/21/2024 11:34:07,1.16.3,RevT_L,0,3.92,,99,Right,Left,220,383,154,0,,,0.27
12/21/2024 11:34:52,1.16.3,RevT_L,0,3.91,,99,Right,Left,220,384,154,0,,,0.02
12/21/2024 11:35:15,1.16.3,RevT_L,0,3.91,,99,Left,Left,221,384,154,0,,,0.19
12/21/2024 11:35:23,1.16.3,RevT_L,0,3.91,1.0,99,Pellet,Left,221,384,155,0,7.42,102.0,
12/21/2024 11:37:47,1.16.3,RevT_L,0,3.91,,99,Right,Left,221,385,155,0,,,0.08
12/21/2024 11:38:04,1.16.3,RevT_L,0,3.91,,99,Left,Left,222,385,155,0,,,0.13
12/21/2024 11:38:17,1.16.3,RevT_L,0,3.91,1.0,99,Pellet,Left,222,385,156,0,12.42,174.0,
12/21/2024 11:40:13,1.16.3,RevT_L,0,3.91,,99,Left,Left,223,385,156,0,,,0.1
12/21/2024 11:40:15,1.16.3,RevT_L,0,3.91,2.0,99,Pellet,Left,223,385,157,0,0.79,118.0,
12/21/2024 11:40:49,1.16.3,RevT_L,0,3.91,,99,Right,Left,223,386,157,0,,,0.09
12/21/2024 11:41:30,1.16.3,RevT_L,0,3.91,,99,Left,Left,224,386,157,0,,,0.11
12/21/2024 11:41:31,1.16.3,RevT_L,0,3.91,1.0,99,Pellet,Left,224,386,158,0,0.67,76.0,
12/21/2024 11:43:53,1.16.3,RevT_L,0,3.91,,99,Left,Left,225,386,158,0,,,0.08
12/21/2024 11:43:54,1.16.3,RevT_L,0,3.91,1.0,99,Pellet,Left,225,386,159,0,0.73,143.0,
12/21/2024 11:44:40,1.16.3,RevT_L,0,3.91,,99,Right,Left,225,387,159,0,,,0.17
12/21/2024 11:44:48,1.16.3,RevT_L,0,3.91,,99,Left,Left,226,387,159,0,,,0.1
12/21/2024 11:44:49,1.16.3,RevT_L,0,3.91,1.0,99,Pellet,Left,226,387,160,0,0.30,55.0,
12/21/2024 11:45:17,1.16.3,RevT_L,0,3.91,,99,Right,Left,226,388,160,0,,,0.03
12/21/2024 11:45:18,1.16.3,RevT_L,0,3.91,,99,Right,Left,226,389,160,0,,,0.11
12/21/2024 11:45:21,1.16.3,RevT_L,0,3.91,,99,Right,Left,226,390,160,0,,,0.17
12/21/2024 11:45:23,1.16.3,RevT_L,0,3.91,,99,Left,Left,227,390,160,0,,,0.06
12/21/2024 11:45:24,1.16.3,RevT_L,0,3.91,1.0,99,Pellet,Left,227,390,161,0,0.42,35.0,
12/21/2024 11:45:42,1.16.3,RevT_L,0,3.91,,99,Right,Left,227,391,161,0,,,0.08
12/21/2024 11:45:45,1.16.3,RevT_L,0,3.91,,99,Left,Left,228,391,161,0,,,0.06
12/21/2024 11:45:46,1.16.3,RevT_L,0,3.91,2.0,99,Pellet,Left,228,391,162,0,0.24,22.0,
12/21/2024 11:46:08,1.16.3,RevT_L,0,3.91,,99,Left,Left,229,391,162,0,,,0.19
12/21/2024 11:46:09,1.16.3,RevT_L,0,3.91,1.0,99,Pellet,Left,229,391,163,0,0.30,23.0,
12/21/2024 11:46:23,1.16.3,RevT_L,0,3.91,,99,Left,Left,230,391,163,0,,,0.07
12/21/2024 11:46:25,1.16.3,RevT_L,0,3.91,1.0,99,Pellet,Left,230,391,164,0,0.73,15.0,
12/21/2024 11:47:16,1.16.3,RevT_L,0,3.91,,99,Left,Left,231,391,164,0,,,0.37
12/21/2024 11:47:16,1.16.3,RevT_L,0,3.91,,99,LeftDuringDispense,Left,232,391,164,0,,,0.01
12/21/2024 11:47:17,1.16.3,RevT_L,0,3.91,,99,LeftDuringDispense,Left,233,391,164,0,,,0.08
12/21/2024 11:47:21,1.16.3,RevT_L,0,3.91,2.0,99,Pellet,Left,233,391,165,0,1.34,56.0,
12/21/2024 11:54:38,1.16.3,RevT_L,0,3.91,,99,Left,Left,234,391,165,0,,,0.18
12/21/2024 11:54:39,1.16.3,RevT_L,0,3.91,1.0,99,Pellet,Left,234,391,166,0,0.48,439.0,
12/21/2024 11:55:05,1.16.3,RevT_L,0,3.91,,99,Left,Left,235,391,166,0,,,0.05
12/21/2024 11:55:06,1.16.3,RevT_L,0,3.91,1.0,99,Pellet,Left,235,391,167,0,0.30,26.0,
12/21/2024 11:55:23,1.16.3,RevT_L,0,3.91,,99,Right,Left,235,392,167,0,,,0.04
12/21/2024 11:55:25,1.16.3,RevT_L,0,3.91,,99,Left,Left,236,392,167,0,,,0.03
12/21/2024 11:55:26,1.16.3,RevT_L,0,3.91,1.0,99,Pellet,Left,236,392,168,0,0.49,21.0,
12/21/2024 11:55:46,1.16.3,RevT_L,0,3.91,,99,Left,Left,237,392,168,0,,,0.2
12/21/2024 11:55:51,1.16.3,RevT_L,0,3.91,2.0,99,Pellet,Left,237,392,169,0,2.20,25.0,
12/21/2024 12:01:46,1.16.3,RevT_L,0,3.91,,99,Right,Left,237,393,169,0,,,0.15
12/21/2024 12:02:15,1.16.3,RevT_L,0,3.91,,99,Right,Left,237,394,169,0,,,0.03
12/21/2024 12:08:48,1.16.3,RevT_L,0,3.91,,99,Left,Left,238,394,169,0,,,0.05
12/21/2024 12:09:00,1.16.3,RevT_L,0,3.91,2.0,99,Pellet,Left,238,394,170,0,11.49,789.0,
12/21/2024 12:09:36,1.16.3,RevT_L,0,3.91,,99,Right,Left,238,395,170,0,,,0.13
12/21/2024 12:09:40,1.16.3,RevT_L,0,3.91,,99,Left,Left,239,395,170,0,,,0.06
12/21/2024 12:09:42,1.16.3,RevT_L,0,3.91,2.0,99,Pellet,Left,239,395,171,0,0.12,42.0,
12/21/2024 12:10:04,1.16.3,RevT_L,0,3.91,,99,Left,Left,240,395,171,0,,,0.08
12/21/2024 12:10:22,1.16.3,RevT_L,0,3.91,2.0,99,Pellet,Left,240,395,172,0,16.90,40.0,
12/21/2024 12:10:47,1.16.3,RevT_L,0,3.91,,99,Left,Left,241,395,172,0,,,0.17
12/21/2024 12:10:50,1.16.3,RevT_L,0,3.91,2.0,99,Pellet,Left,241,395,173,0,1.77,28.0,
12/21/2024 12:11:09,1.16.3,RevT_L,0,3.91,,99,Left,Left,242,395,173,0,,,0.2
12/21/2024 12:11:11,1.16.3,RevT_L,0,3.91,2.0,99,Pellet,Left,242,395,174,0,0.30,21.0,
12/21/2024 12:11:28,1.16.3,RevT_L,0,3.91,,99,Right,Left,242,396,174,0,,,0.01
12/21/2024 12:12:06,1.16.3,RevT_L,0,3.92,,99,Left,Left,243,396,174,0,,,0.14
12/21/2024 12:12:06,1.16.3,RevT_L,0,3.91,,99,LeftDuringDispense,Left,244,396,174,0,,,0.03
12/21/2024 12:12:07,1.16.3,RevT_L,0,3.91,,99,LeftWithPellet,Left,245,396,174,0,,,0.02
12/21/2024 12:12:12,1.16.3,RevT_L,0,3.91,1.0,99,Pellet,Left,245,396,175,0,5.24,61.0,
12/21/2024 12:15:40,1.16.3,RevT_L,0,3.91,,99,Right,Right,245,397,175,0,,,0.01
12/21/2024 12:21:29,1.16.3,RevT_L,0,3.91,2.0,99,Pellet,Right,245,397,176,0,Timed_out,557.0,
12/21/2024 12:22:06,1.16.3,RevT_L,0,3.91,,99,Left,Right,246,397,176,0,,,0.08
12/21/2024 12:22:08,1.16.3,RevT_L,0,3.91,,99,Left,Right,247,397,176,0,,,0.15
12/21/2024 12:22:12,1.16.3,RevT_L,0,3.91,,99,Left,Right,248,397,176,0,,,0.13
12/21/2024 12:29:12,1.16.3,RevT_L,0,3.91,,99,Left,Right,249,397,176,0,,,0.07
12/21/2024 12:29:16,1.16.3,RevT_L,0,3.91,,99,Left,Right,250,397,176,0,,,0.16
12/21/2024 12:32:02,1.16.3,RevT_L,0,3.91,,99,Right,Right,250,398,176,0,,,0.3
12/21/2024 12:32:04,1.16.3,RevT_L,0,3.91,2.0,99,Pellet,Right,250,398,177,0,1.04,635.0,
12/21/2024 12:32:32,1.16.3,RevT_L,0,3.91,,99,Left,Right,251,398,177,0,,,0.09
12/21/2024 12:35:19,1.16.3,RevT_L,0,3.91,,99,Left,Right,252,398,177,0,,,0.05
12/21/2024 12:39:22,1.16.3,RevT_L,0,3.91,,99,Left,Right,253,398,177,0,,,0.12
12/21/2024 12:39:24,1.16.3,RevT_L,0,3.91,,99,Left,Right,254,398,177,0,,,0.45
12/21/2024 12:43:58,1.16.3,RevT_L,0,3.92,,99,Left,Right,255,398,177,0,,,0.07
12/21/2024 12:44:00,1.16.3,RevT_L,0,3.91,,99,Left,Right,256,398,177,0,,,0.31
12/21/2024 12:44:02,1.16.3,RevT_L,0,3.91,,99,Left,Right,257,398,177,0,,,0.28
12/21/2024 12:44:03,1.16.3,RevT_L,0,3.91,,99,Left,Right,258,398,177,0,,,0.26
12/21/2024 12:44:07,1.16.3,RevT_L,0,3.91,,99,Left,Right,259,398,177,0,,,0.31
12/21/2024 12:44:11,1.16.3,RevT_L,0,3.91,,99,Left,Right,260,398,177,0,,,0.43
12/21/2024 12:44:15,1.16.3,RevT_L,0,3.91,,99,Right,Right,260,399,177,0,,,0.25
12/21/2024 12:44:17,1.16.3,RevT_L,0,3.91,2.0,99,Pellet,Right,260,399,178,0,0.61,733.0,
12/21/2024 12:44:40,1.16.3,RevT_L,0,3.91,,99,Left,Right,261,399,178,0,,,0.4
12/21/2024 12:44:46,1.16.3,RevT_L,0,3.91,,99,Right,Right,261,400,178,0,,,0.09
12/21/2024 12:44:49,1.16.3,RevT_L,0,3.91,1.0,99,Pellet,Right,261,400,179,0,1.46,31.0,
12/21/2024 12:45:12,1.16.3,RevT_L,0,3.91,,99,Right,Right,261,401,179,0,,,0.14
12/21/2024 12:45:12,1.16.3,RevT_L,0,3.91,,99,RightDuringDispense,Right,261,402,179,0,,,0.15
12/21/2024 12:45:13,1.16.3,RevT_L,0,3.91,,99,RightDuringDispense,Right,261,403,179,0,,,0.15
12/21/2024 12:45:30,1.16.3,RevT_L,0,3.91,3.0,99,Pellet,Right,261,403,180,0,14.25,42.0,
12/21/2024 12:45:52,1.16.3,RevT_L,0,3.91,,99,Right,Right,261,404,180,0,,,0.34
12/21/2024 12:45:54,1.16.3,RevT_L,0,3.91,2.0,99,Pellet,Right,261,404,181,0,0.61,24.0,
12/21/2024 12:46:11,1.16.3,RevT_L,0,3.91,,99,Right,Right,261,405,181,0,,,0.02
12/21/2024 12:46:13,1.16.3,RevT_L,0,3.91,1.0,99,Pellet,Right,261,405,182,0,0.67,19.0,
12/21/2024 12:46:37,1.16.3,RevT_L,0,3.91,,99,Right,Right,261,406,182,0,,,0.26
12/21/2024 12:46:38,1.16.3,RevT_L,0,3.91,2.0,99,Pellet,Right,261,406,183,0,0.55,25.0,
12/21/2024 12:47:04,1.16.3,RevT_L,0,3.91,,99,Right,Right,261,407,183,0,,,0.14
12/21/2024 12:47:06,1.16.3,RevT_L,0,3.91,1.0,99,Pellet,Right,261,407,184,0,1.40,28.0,
12/21/2024 12:47:21,1.16.3,RevT_L,0,3.91,,99,Right,Right,261,408,184,0,,,0.19
12/21/2024 12:47:23,1.16.3,RevT_L,0,3.91,1.0,99,Pellet,Right,261,408,185,0,1.10,17.0,
12/21/2024 12:51:15,1.16.3,RevT_L,0,3.91,,99,Right,Right,261,409,185,0,,,0.1
12/21/2024 12:51:17,1.16.3,RevT_L,0,3.91,1.0,99,Pellet,Right,261,409,186,0,1.28,234.0,
12/21/2024 12:58:41,1.16.3,RevT_L,0,3.91,,99,Right,Right,261,410,186,0,,,0.45
12/21/2024 12:58:48,1.16.3,RevT_L,0,3.91,,99,LeftDuringDispense,Right,262,410,186,0,,,0.22
12/21/2024 12:59:15,1.16.3,RevT_L,0,3.91,11.0,99,Pellet,Right,262,410,187,0,10.87,478.0,
12/21/2024 12:59:41,1.16.3,RevT_L,0,3.91,,99,Left,Right,263,410,187,0,,,0.08
12/21/2024 12:59:46,1.16.3,RevT_L,0,3.91,,99,Right,Right,263,411,187,0,,,0.08
12/21/2024 12:59:47,1.16.3,RevT_L,0,3.91,2.0,99,Pellet,Right,263,411,188,0,0.36,32.0,
12/21/2024 13:00:04,1.16.3,RevT_L,0,3.91,,99,Right,Right,263,412,188,0,,,0.11
12/21/2024 13:00:06,1.16.3,RevT_L,0,3.92,2.0,99,Pellet,Right,263,412,189,0,0.61,19.0,
12/21/2024 13:00:23,1.16.3,RevT_L,0,3.91,,99,Right,Right,263,413,189,0,,,0.29
12/21/2024 13:00:24,1.16.3,RevT_L,0,3.91,2.0,99,Pellet,Right,263,413,190,0,0.55,18.0,
12/21/2024 13:00:39,1.16.3,RevT_L,0,3.91,,99,Right,Right,263,414,190,0,,,0.25
12/21/2024 13:00:40,1.16.3,RevT_L,0,3.91,2.0,99,Pellet,Right,263,414,191,0,0.06,16.0,
12/21/2024 13:01:07,1.16.3,RevT_L,0,3.91,,99,Left,Right,264,414,191,0,,,0.31
12/21/2024 13:01:08,1.16.3,RevT_L,0,3.91,,99,Right,Right,264,415,191,0,,,0.11
12/21/2024 13:01:10,1.16.3,RevT_L,0,3.91,2.0,99,Pellet,Right,264,415,192,0,0.30,30.0,
12/21/2024 13:01:27,1.16.3,RevT_L,0,3.91,,99,Right,Right,264,416,192,0,,,0.09
12/21/2024 13:01:30,1.16.3,RevT_L,0,3.91,1.0,99,Pellet,Right,264,416,193,0,1.95,20.0,
12/21/2024 13:03:00,1.16.3,RevT_L,0,3.91,,99,Right,Right,264,417,193,0,,,0.07
12/21/2024 13:03:28,1.16.3,RevT_L,0,3.91,1.0,99,Pellet,Right,264,417,194,0,27.88,118.0,
12/21/2024 13:15:47,1.16.3,RevT_L,0,3.91,,99,Left,Right,265,417,194,0,,,0.12
12/21/2024 13:19:51,1.16.3,RevT_L,0,3.91,,99,Left,Right,266,417,194,0,,,0.04
12/21/2024 13:26:18,1.16.3,RevT_L,0,3.91,,99,Left,Right,267,417,194,0,,,0.07
12/21/2024 13:27:47,1.16.3,RevT_L,0,3.91,,99,Left,Right,268,417,194,0,,,0.35
12/21/2024 13:28:31,1.16.3,RevT_L,0,3.91,,99,Right,Right,268,418,194,0,,,0.08
12/21/2024 13:28:33,1.16.3,RevT_L,0,3.91,1.0,99,Pellet,Right,268,418,195,0,0.67,1505.0,
12/21/2024 13:28:48,1.16.3,RevT_L,0,3.91,,99,Right,Right,268,419,195,0,,,0.06
12/21/2024 13:28:50,1.16.3,RevT_L,0,3.91,1.0,99,Pellet,Right,268,419,196,0,0.61,17.0,
12/21/2024 13:29:13,1.16.3,RevT_L,0,3.91,,99,Right,Right,268,420,196,0,,,0.09
12/21/2024 13:29:14,1.16.3,RevT_L,0,3.91,1.0,99,Pellet,Right,268,420,197,0,0.42,24.0,
12/21/2024 13:29:25,1.16.3,RevT_L,0,3.91,,99,Right,Right,268,421,197,0,,,0.03
12/21/2024 13:29:28,1.16.3,RevT_L,0,3.91,1.0,99,Pellet,Right,268,421,198,0,2.02,14.0,
12/21/2024 13:29:48,1.16.3,RevT_L,0,3.91,,99,Right,Right,268,422,198,0,,,0.03
12/21/2024 13:29:49,1.16.3,RevT_L,0,3.91,1.0,99,Pellet,Right,268,422,199,0,0.30,21.0,
12/21/2024 13:30:05,1.16.3,RevT_L,0,3.91,,99,Right,Right,268,423,199,0,,,0.22
12/21/2024 13:30:06,1.16.3,RevT_L,0,3.91,2.0,99,Pellet,Right,268,423,200,0,0.30,17.0,
12/21/2024 13:30:24,1.16.3,RevT_L,0,3.91,,99,Right,Left,268,424,200,0,,,0.1
12/21/2024 13:30:26,1.16.3,RevT_L,0,3.91,,99,Right,Left,268,425,200,0,,,0.21
12/21/2024 13:30:29,1.16.3,RevT_L,0,3.91,,99,Right,Left,268,426,200,0,,,0.51
12/21/2024 13:30:32,1.16.3,RevT_L,0,3.91,,99,Right,Left,268,427,200,0,,,0.38
12/21/2024 13:30:33,1.16.3,RevT_L,0,3.91,,99,Right,Left,268,428,200,0,,,0.07
12/21/2024 13:30:35,1.16.3,RevT_L,0,3.91,,99,Right,Left,268,429,200,0,,,0.24
12/21/2024 13:30:37,1.16.3,RevT_L,0,3.91,,99,Right,Left,268,430,200,0,,,0.22
12/21/2024 13:30:40,1.16.3,RevT_L,0,3.91,,99,Right,Left,268,431,200,0,,,0.2
12/21/2024 13:30:41,1.16.3,RevT_L,0,3.91,,99,Left,Left,269,431,200,0,,,0.21
12/21/2024 13:30:42,1.16.3,RevT_L,0,3.91,1.0,99,Pellet,Left,269,431,201,0,0.49,36.0,
12/21/2024 13:30:56,1.16.3,RevT_L,0,3.91,,99,Left,Left,270,431,201,0,,,0.07
12/21/2024 13:30:57,1.16.3,RevT_L,0,3.91,1.0,99,Pellet,Left,270,431,202,0,0.67,15.0,
12/21/2024 13:31:16,1.16.3,RevT_L,0,3.91,,99,Left,Left,271,431,202,0,,,0.13
12/21/2024 13:31:17,1.16.3,RevT_L,0,3.91,1.0,99,Pellet,Left,271,431,203,0,0.79,20.0,
12/21/2024 13:45:59,1.16.3,RevT_L,0,3.91,,99,Right,Left,271,432,203,0,,,0.0
12/21/2024 13:46:22,1.16.3,RevT_L,0,3.91,,99,Right,Left,271,433,203,0,,,0.01
12/21/2024 13:47:50,1.16.3,RevT_L,0,3.91,,99,Right,Left,271,434,203,0,,,0.18
12/21/2024 13:48:07,1.16.3,RevT_L,0,3.91,,99,Left,Left,272,434,203,0,,,0.05
12/21/2024 13:48:08,1.16.3,RevT_L,0,3.91,1.0,99,Pellet,Left,272,434,204,0,1.10,1011.0,
12/21/2024 13:56:51,1.16.3,RevT_L,0,3.91,,99,Right,Left,272,435,204,0,,,0.17
12/21/2024 14:00:46,1.16.3,RevT_L,0,3.91,,99,Left,Left,273,435,204,0,,,0.0
12/21/2024 14:00:47,1.16.3,RevT_L,0,3.91,1.0,99,Pellet,Left,273,435,205,0,0.48,759.0,
12/21/2024 14:01:00,1.16.3,RevT_L,0,3.91,,99,Right,Left,273,436,205,0,,,0.11
12/21/2024 14:01:02,1.16.3,RevT_L,0,3.91,,99,Right,Left,273,437,205,0,,,0.26
12/21/2024 14:01:04,1.16.3,RevT_L,0,3.91,,99,Right,Left,273,438,205,0,,,0.44
12/21/2024 14:01:10,1.16.3,RevT_L,0,3.91,,99,Right,Left,273,439,205,0,,,0.23
12/21/2024 14:01:12,1.16.3,RevT_L,0,3.91,,99,Right,Left,273,440,205,0,,,0.15
12/21/2024 14:01:14,1.16.3,RevT_L,0,3.91,,99,Left,Left,274,440,205,0,,,0.14
12/21/2024 14:01:16,1.16.3,RevT_L,0,3.91,,99,LeftWithPellet,Left,275,440,205,0,,,0.14
12/21/2024 14:01:17,1.16.3,RevT_L,0,3.91,1.0,99,Pellet,Left,275,440,206,0,2.23,30.0,
12/21/2024 14:07:13,1.16.3,RevT_L,0,3.91,,99,Right,Left,275,441,206,0,,,0.13
12/21/2024 14:07:15,1.16.3,RevT_L,0,3.91,,99,Right,Left,275,442,206,0,,,0.11
12/21/2024 14:07:35,1.16.3,RevT_L,0,3.91,,99,Right,Left,275,443,206,0,,,0.09
12/21/2024 14:16:51,1.16.3,RevT_L,0,3.91,,99,Left,Left,276,443,206,0,,,0.14
12/21/2024 14:16:52,1.16.3,RevT_L,0,3.91,1.0,99,Pellet,Left,276,443,207,0,0.36,935.0,
12/21/2024 14:17:11,1.16.3,RevT_L,0,3.91,,99,Right,Left,276,444,207,0,,,0.03
12/21/2024 14:17:13,1.16.3,RevT_L,0,3.91,,99,Left,Left,277,444,207,0,,,0.07
12/21/2024 14:17:14,1.16.3,RevT_L,0,3.91,2.0,99,Pellet,Left,277,444,208,0,0.18,22.0,
12/21/2024 14:17:29,1.16.3,RevT_L,0,3.91,,99,Right,Left,277,445,208,0,,,0.16
12/21/2024 14:17:33,1.16.3,RevT_L,0,3.91,,99,Right,Left,277,446,208,0,,,0.01
12/21/2024 14:17:35,1.16.3,RevT_L,0,3.91,,99,Left,Left,278,446,208,0,,,0.14
12/21/2024 14:17:36,1.16.3,RevT_L,0,3.91,1.0,99,Pellet,Left,278,446,209,0,0.24,22.0,
12/21/2024 14:17:57,1.16.3,RevT_L,0,3.91,,99,Left,Left,279,446,209,0,,,0.15
12/21/2024 14:17:59,1.16.3,RevT_L,0,3.91,1.0,99,Pellet,Left,279,446,210,0,0.79,23.0,
12/21/2024 14:24:23,1.16.3,RevT_L,0,3.91,,99,Right,Left,279,447,210,0,,,0.36
12/21/2024 14:31:43,1.16.3,RevT_L,0,3.91,,99,Left,Left,280,447,210,0,,,0.06
12/21/2024 14:31:53,1.16.3,RevT_L,0,3.91,2.0,99,Pellet,Left,280,447,211,0,7.24,834.0,
12/21/2024 14:32:22,1.16.3,RevT_L,0,3.91,,99,Right,Left,280,448,211,0,,,0.19
12/21/2024 14:37:25,1.16.3,RevT_L,0,3.91,,99,Left,Left,281,448,211,0,,,0.11
12/21/2024 14:37:27,1.16.3,RevT_L,0,3.91,1.0,99,Pellet,Left,281,448,212,0,0.91,334.0,
12/21/2024 14:37:48,1.16.3,RevT_L,0,3.91,,99,Right,Left,281,449,212,0,,,0.18
12/21/2024 14:37:49,1.16.3,RevT_L,0,3.91,,99,Left,Left,282,449,212,0,,,0.1
12/21/2024 14:37:50,1.16.3,RevT_L,0,3.91,1.0,99,Pellet,Left,282,449,213,0,0.30,23.0,
12/21/2024 14:38:16,1.16.3,RevT_L,0,3.91,,99,Right,Left,282,450,213,0,,,0.16
12/21/2024 14:38:19,1.16.3,RevT_L,0,3.91,,99,Right,Left,282,451,213,0,,,0.33
12/21/2024 14:38:20,1.16.3,RevT_L,0,3.91,,99,Left,Left,283,451,213,0,,,0.14
12/21/2024 14:38:21,1.16.3,RevT_L,0,3.91,2.0,99,Pellet,Left,283,451,214,0,0.18,31.0,
12/21/2024 14:38:45,1.16.3,RevT_L,0,3.91,,99,Left,Left,284,451,214,0,,,0.11
12/21/2024 14:38:47,1.16.3,RevT_L,0,3.91,1.0,99,Pellet,Left,284,451,215,0,1.65,26.0,
12/21/2024 14:39:08,1.16.3,RevT_L,0,3.91,,99,Left,Left,285,451,215,0,,,0.04
12/21/2024 14:39:11,1.16.3,RevT_L,0,3.91,1.0,99,Pellet,Left,285,451,216,0,1.77,24.0,
12/21/2024 14:42:51,1.16.3,RevT_L,0,3.91,,99,Left,Left,286,451,216,0,,,0.14
12/21/2024 14:42:55,1.16.3,RevT_L,0,3.91,,99,RightWithPellet,Left,286,452,216,0,,,0.24
12/21/2024 14:42:56,1.16.3,RevT_L,0,3.91,1.0,99,Pellet,Left,286,452,217,0,3.99,225.0,
12/21/2024 14:44:58,1.16.3,RevT_L,0,3.91,,99,Right,Left,286,453,217,0,,,0.22
12/21/2024 14:45:02,1.16.3,RevT_L,0,3.91,,99,Left,Left,287,453,217,0,,,0.3
12/21/2024 14:45:03,1.16.3,RevT_L,0,3.91,1.0,99,Pellet,Left,287,453,218,0,0.36,127.0,
12/21/2024 14:45:25,1.16.3,RevT_L,0,3.91,,99,Left,Left,288,453,218,0,,,0.15
12/21/2024 14:45:26,1.16.3,RevT_L,0,3.91,1.0,99,Pellet,Left,288,453,219,0,0.42,23.0,
12/21/2024 14:47:29,1.16.3,RevT_L,0,3.91,,99,Left,Left,289,453,219,0,,,0.1
12/21/2024 14:55:59,1.16.3,RevT_L,0,3.91,,99,RightWithPellet,Left,289,454,219,0,,,0.03
12/21/2024 14:58:44,1.16.3,RevT_L,0,3.91,,99,LeftWithPellet,Left,290,454,219,0,,,0.19
12/21/2024 14:58:47,1.16.3,RevT_L,0,3.91,,99,LeftWithPellet,Left,291,454,219,0,,,0.21
12/21/2024 15:02:12,1.16.3,RevT_L,0,3.91,,99,LeftWithPellet,Left,292,454,219,0,,,0.05
12/21/2024 15:03:40,1.16.3,RevT_L,0,3.91,1.0,99,Pellet,Left,292,454,220,0,Timed_out,1094.0,
12/21/2024 15:05:30,1.16.3,RevT_L,0,3.91,,99,Right,Left,292,455,220,0,,,0.14
12/21/2024 15:05:32,1.16.3,RevT_L,0,3.91,,99,Right,Left,292,456,220,0,,,0.07
12/21/2024 15:05:33,1.16.3,RevT_L,0,3.91,,99,Right,Left,292,457,220,0,,,0.2
12/21/2024 15:05:35,1.16.3,RevT_L,0,3.91,,99,Left,Left,293,457,220,0,,,0.15
12/21/2024 15:05:38,1.16.3,RevT_L,0,3.91,1.0,99,Pellet,Left,293,457,221,0,2.39,118.0,
12/21/2024 15:05:53,1.16.3,RevT_L,0,3.91,,99,Right,Left,293,458,221,0,,,0.01
12/21/2024 15:05:55,1.16.3,RevT_L,0,3.91,,99,Right,Left,293,459,221,0,,,0.09
12/21/2024 15:05:57,1.16.3,RevT_L,0,3.91,,99,Left,Left,294,459,221,0,,,0.01
12/21/2024 15:06:01,1.16.3,RevT_L,0,3.91,1.0,99,Pellet,Left,294,459,222,0,2.69,23.0,
12/21/2024 15:06:18,1.16.3,RevT_L,0,3.91,,99,Right,Left,294,460,222,0,,,0.05
12/21/2024 15:09:26,1.16.3,RevT_L,0,3.91,,99,Left,Left,295,460,222,0,,,0.04
12/21/2024 15:09:28,1.16.3,RevT_L,0,3.91,,99,LeftWithPellet,Left,296,460,222,0,,,0.08
12/21/2024 15:09:30,1.16.3,RevT_L,0,3.91,1.0,99,Pellet,Left,296,460,223,0,3.39,209.0,
12/21/2024 15:09:48,1.16.3,RevT_L,0,3.91,,99,Right,Left,296,461,223,0,,,0.23
12/21/2024 15:09:59,1.16.3,RevT_L,0,3.91,,99,Left,Left,297,461,223,0,,,0.23
12/21/2024 15:10:01,1.16.3,RevT_L,0,3.91,2.0,99,Pellet,Left,297,461,224,0,0.48,30.0,
12/21/2024 15:13:20,1.16.3,RevT_L,0,3.91,,99,Right,Left,297,462,224,0,,,0.28
12/21/2024 15:17:17,1.16.3,RevT_L,0,3.9,,99,Right,Left,297,463,224,0,,,0.08
12/21/2024 15:21:21,1.16.3,RevT_L,0,3.91,,99,Left,Left,298,463,224,0,,,0.07
12/21/2024 15:21:40,1.16.3,RevT_L,0,3.91,1.0,99,Pellet,Left,298,463,225,0,18.02,700.0,
12/21/2024 15:23:10,1.16.3,RevT_L,0,3.91,,99,Left,Right,299,463,225,0,,,0.05
12/21/2024 15:23:15,1.16.3,RevT_L,0,3.91,,99,Right,Right,299,464,225,0,,,0.29
12/21/2024 15:23:16,1.16.3,RevT_L,0,3.91,1.0,99,Pellet,Right,299,464,226,0,0.79,96.0,
12/21/2024 15:23:40,1.16.3,RevT_L,0,3.91,,99,Left,Right,300,464,226,0,,,0.13
12/21/2024 15:27:56,1.16.3,RevT_L,0,3.91,,99,Right,Right,300,465,226,0,,,0.02
12/21/2024 15:27:58,1.16.3,RevT_L,0,3.91,1.0,99,Pellet,Right,300,465,227,0,1.22,282.0,
12/21/2024 15:28:41,1.16.3,RevT_L,0,3.91,,99,Right,Right,300,466,227,0,,,0.21
12/21/2024 15:28:42,1.16.3,RevT_L,0,3.91,1.0,99,Pellet,Right,300,466,228,0,0.36,44.0,
12/21/2024 15:28:59,1.16.3,RevT_L,0,3.91,,99,Right,Right,300,467,228,0,,,0.42
12/21/2024 15:29:00,1.16.3,RevT_L,0,3.91,2.0,99,Pellet,Right,300,467,229,0,0.42,18.0,
12/21/2024 15:29:15,1.16.3,RevT_L,0,3.91,,99,Left,Right,301,467,229,0,,,0.04
12/21/2024 15:29:17,1.16.3,RevT_L,0,3.91,,99,Right,Right,301,468,229,0,,,0.12
12/21/2024 15:29:19,1.16.3,RevT_L,0,3.91,1.0,99,Pellet,Right,301,468,230,0,1.04,19.0,
12/21/2024 15:29:37,1.16.3,RevT_L,0,3.91,,99,Left,Right,302,468,230,0,,,0.04
12/21/2024 15:29:41,1.16.3,RevT_L,0,3.91,,99,Right,Right,302,469,230,0,,,0.16
12/21/2024 15:29:43,1.16.3,RevT_L,0,3.91,2.0,99,Pellet,Right,302,469,231,0,1.10,24.0,
12/21/2024 15:30:04,1.16.3,RevT_L,0,3.91,,99,Right,Right,302,470,231,0,,,0.08
12/21/2024 15:30:05,1.16.3,RevT_L,0,3.91,1.0,99,Pellet,Right,302,470,232,0,0.55,22.0,
12/21/2024 15:30:22,1.16.3,RevT_L,0,3.91,,99,Right,Right,302,471,232,0,,,0.5
12/21/2024 15:30:24,1.16.3,RevT_L,0,3.91,2.0,99,Pellet,Right,302,471,233,0,0.30,19.0,
12/21/2024 15:30:37,1.16.3,RevT_L,0,3.91,,99,Right,Right,302,472,233,0,,,0.07
12/21/2024 15:30:39,1.16.3,RevT_L,0,3.91,1.0,99,Pellet,Right,302,472,234,0,0.85,15.0,
12/21/2024 15:45:24,1.16.3,RevT_L,0,3.91,,99,Right,Right,302,473,234,0,,,0.2
12/21/2024 15:45:26,1.16.3,RevT_L,0,3.91,1.0,99,Pellet,Right,302,473,235,0,1.16,887.0,
12/21/2024 15:47:24,1.16.3,RevT_L,0,3.91,,99,Right,Right,302,474,235,0,,,0.23
12/21/2024 15:47:26,1.16.3,RevT_L,0,3.91,1.0,99,Pellet,Right,302,474,236,0,0.79,120.0,
12/21/2024 15:48:27,1.16.3,RevT_L,0,3.9,,99,Right,Right,302,475,236,0,,,0.24
12/21/2024 15:48:29,1.16.3,RevT_L,0,3.91,1.0,99,Pellet,Right,302,475,237,0,0.49,63.0,
12/21/2024 15:49:31,1.16.3,RevT_L,0,3.91,,99,Right,Right,302,476,237,0,,,0.14
12/21/2024 15:51:20,1.16.3,RevT_L,0,3.91,1.0,99,Pellet,Right,302,476,238,0,Timed_out,171.0,
12/21/2024 15:54:23,1.16.3,RevT_L,0,3.91,,99,Left,Right,303,476,238,0,,,0.05
12/21/2024 16:00:08,1.16.3,RevT_L,0,3.9,,99,Right,Right,303,477,238,0,,,0.07
12/21/2024 16:00:10,1.16.3,RevT_L,0,3.91,1.0,99,Pellet,Right,303,477,239,0,0.91,530.0,
12/21/2024 16:00:26,1.16.3,RevT_L,0,3.91,,99,Left,Right,304,477,239,0,,,0.09
12/21/2024 16:00:28,1.16.3,RevT_L,0,3.9,,99,Left,Right,305,477,239,0,,,0.16
12/21/2024 16:00:34,1.16.3,RevT_L,0,3.91,,99,Left,Right,306,477,239,0,,,0.21
12/21/2024 16:00:35,1.16.3,RevT_L,0,3.91,,99,Left,Right,307,477,239,0,,,0.13
12/21/2024 16:00:37,1.16.3,RevT_L,0,3.91,,99,Right,Right,307,478,239,0,,,0.3
12/21/2024 16:00:38,1.16.3,RevT_L,0,3.91,1.0,99,Pellet,Right,307,478,240,0,0.61,28.0,
12/21/2024 16:00:56,1.16.3,RevT_L,0,3.91,,99,Right,Right,307,479,240,0,,,0.08
12/21/2024 16:00:57,1.16.3,RevT_L,0,3.91,2.0,99,Pellet,Right,307,479,241,0,0.30,19.0,
12/21/2024 16:01:09,1.16.3,RevT_L,0,3.91,,99,Right,Right,307,480,241,0,,,0.14
12/21/2024 16:01:11,1.16.3,RevT_L,0,3.91,1.0,99,Pellet,Right,307,480,242,0,0.73,14.0,
12/21/2024 16:01:33,1.16.3,RevT_L,0,3.91,,99,Right,Right,307,481,242,0,,,0.1
12/21/2024 16:01:50,1.16.3,RevT_L,0,3.91,1.0,99,Pellet,Right,307,481,243,0,15.61,39.0,
12/21/2024 16:02:11,1.16.3,RevT_L,0,3.91,,99,Right,Right,307,482,243,0,,,0.19
12/21/2024 16:02:12,1.16.3,RevT_L,0,3.91,2.0,99,Pellet,Right,307,482,244,0,0.06,22.0,
12/21/2024 16:21:18,1.16.3,RevT_L,0,3.9,,99,Right,Right,307,483,244,0,,,0.22
12/21/2024 16:21:19,1.16.3,RevT_L,0,3.9,1.0,99,Pellet,Right,307,483,245,0,0.67,1147.0,
12/21/2024 16:21:39,1.16.3,RevT_L,0,3.91,,99,Left,Right,308,483,245,0,,,0.03
12/21/2024 16:21:41,1.16.3,RevT_L,0,3.9,,99,Left,Right,309,483,245,0,,,0.29
12/21/2024 16:21:44,1.16.3,RevT_L,0,3.91,,99,Left,Right,310,483,245,0,,,0.05
12/21/2024 16:21:46,1.16.3,RevT_L,0,3.9,,99,Left,Right,311,483,245,0,,,0.28
12/21/2024 16:21:47,1.16.3,RevT_L,0,3.9,,99,Right,Right,311,484,245,0,,,0.15
12/21/2024 16:21:49,1.16.3,RevT_L,0,3.91,1.0,99,Pellet,Right,311,484,246,0,0.36,30.0,
12/21/2024 16:22:14,1.16.3,RevT_L,0,3.91,,99,Right,Right,311,485,246,0,,,0.08
12/21/2024 16:22:16,1.16.3,RevT_L,0,3.91,1.0,99,Pellet,Right,311,485,247,0,1.59,27.0,
12/21/2024 16:22:41,1.16.3,RevT_L,0,3.9,,99,Right,Right,311,486,247,0,,,0.17
12/21/2024 16:22:42,1.16.3,RevT_L,0,3.9,1.0,99,Pellet,Right,311,486,248,0,0.36,26.0,
12/21/2024 16:22:58,1.16.3,RevT_L,0,3.9,,99,Right,Right,311,487,248,0,,,0.11
12/21/2024 16:22:59,1.16.3,RevT_L,0,3.91,1.0,99,Pellet,Right,311,487,249,0,0.73,17.0,
12/21/2024 16:23:27,1.16.3,RevT_L,0,3.91,,99,Right,Right,311,488,249,0,,,0.03
12/21/2024 16:23:29,1.16.3,RevT_L,0,3.91,1.0,99,Pellet,Right,311,488,250,0,0.49,29.0,
12/21/2024 16:23:42,1.16.3,RevT_L,0,3.91,,99,Right,Left,311,489,250,0,,,0.01
12/21/2024 16:23:46,1.16.3,RevT_L,0,3.9,,99,Right,Left,311,490,250,0,,,0.26
12/21/2024 16:23:47,1.16.3,RevT_L,0,3.9,,99,Right,Left,311,491,250,0,,,0.18
12/21/2024 16:23:48,1.16.3,RevT_L,0,3.91,,99,Right,Left,311,492,250,0,,,0.0
12/21/2024 16:23:51,1.16.3,RevT_L,0,3.91,,99,Right,Left,311,493,250,0,,,0.44
12/21/2024 16:23:53,1.16.3,RevT_L,0,3.9,,99,Right,Left,311,494,250,0,,,0.23
12/21/2024 16:23:55,1.16.3,RevT_L,0,3.9,,99,Left,Left,312,494,250,0,,,0.3
12/21/2024 16:23:56,1.16.3,RevT_L,0,3.91,1.0,99,Pellet,Left,312,494,251,0,0.36,28.0,
12/21/2024 16:24:14,1.16.3,RevT_L,0,3.91,,99,Left,Left,313,494,251,0,,,0.22
12/21/2024 16:24:54,1.16.3,RevT_L,0,3.91,2.0,99,Pellet,Left,313,494,252,0,39.18,58.0,
12/21/2024 16:39:51,1.16.3,RevT_L,0,3.91,,99,Left,Left,314,494,252,0,,,0.12
12/21/2024 16:39:54,1.16.3,RevT_L,0,3.91,2.0,99,Pellet,Left,314,494,253,0,0.97,899.0,
12/21/2024 16:41:56,1.16.3,RevT_L,0,3.91,,99,Left,Left,315,494,253,0,,,0.11
12/21/2024 16:41:58,1.16.3,RevT_L,0,3.9,2.0,99,Pellet,Left,315,494,254,0,0.85,125.0,
12/21/2024 16:43:03,1.16.3,RevT_L,0,3.9,,99,Right,Left,315,495,254,0,,,0.12
12/21/2024 16:43:04,1.16.3,RevT_L,0,3.9,,99,Right,Left,315,496,254,0,,,0.21
12/21/2024 17:31:31,1.16.3,RevT_L,0,3.91,,99,Left,Left,316,496,254,0,,,0.19
12/21/2024 17:31:34,1.16.3,RevT_L,0,3.89,2.0,99,Pellet,Left,316,496,255,0,1.95,2976.0,
12/21/2024 17:31:54,1.16.3,RevT_L,0,3.9,,99,Right,Left,316,497,255,0,,,0.17
12/21/2024 17:31:56,1.16.3,RevT_L,0,3.91,,99,Right,Left,316,498,255,0,,,0.13
12/21/2024 17:31:57,1.16.3,RevT_L,0,3.9,,99,Right,Left,316,499,255,0,,,0.18
12/21/2024 17:31:59,1.16.3,RevT_L,0,3.91,,99,Right,Left,316,500,255,0,,,0.1
12/21/2024 17:32:02,1.16.3,RevT_L,0,3.9,,99,Left,Left,317,500,255,0,,,0.11
12/21/2024 17:32:03,1.16.3,RevT_L,0,3.91,1.0,99,Pellet,Left,317,500,256,0,0.48,29.0,
12/21/2024 17:32:22,1.16.3,RevT_L,0,3.9,,99,Left,Left,318,500,256,0,,,0.15
12/21/2024 17:32:23,1.16.3,RevT_L,0,3.9,1.0,99,Pellet,Left,318,500,257,0,0.42,20.0,
12/21/2024 17:32:53,1.16.3,RevT_L,0,3.9,,99,Right,Left,318,501,257,0,,,0.14
12/21/2024 17:32:55,1.16.3,RevT_L,0,3.91,,99,Left,Left,319,501,257,0,,,0.04
12/21/2024 17:32:56,1.16.3,RevT_L,0,3.9,,99,LeftDuringDispense,Left,320,501,257,0,,,0.22
12/21/2024 17:32:57,1.16.3,RevT_L,0,3.91,1.0,99,Pellet,Left,320,501,258,0,0.73,34.0,
12/21/2024 17:33:22,1.16.3,RevT_L,0,3.9,,99,Left,Left,321,501,258,0,,,0.52
12/21/2024 17:33:24,1.16.3,RevT_L,0,3.9,2.0,99,Pellet,Left,321,501,259,0,0.36,27.0,
12/21/2024 17:33:49,1.16.3,RevT_L,0,3.91,,99,Left,Left,322,501,259,0,,,0.04
12/21/2024 17:33:50,1.16.3,RevT_L,0,3.91,2.0,99,Pellet,Left,322,501,260,0,0.55,26.0,
12/21/2024 17:34:16,1.16.3,RevT_L,0,3.9,,99,Left,Left,323,501,260,0,,,0.05
12/21/2024 17:34:17,1.16.3,RevT_L,0,3.9,2.0,99,Pellet,Left,323,501,261,0,0.67,27.0,
12/21/2024 17:35:06,1.16.3,RevT_L,0,3.9,,99,Left,Left,324,501,261,0,,,0.13
12/21/2024 17:35:08,1.16.3,RevT_L,0,3.9,1.0,99,Pellet,Left,324,501,262,0,0.36,50.0,
12/21/2024 17:35:29,1.16.3,RevT_L,0,3.9,,99,Left,Left,325,501,262,0,,,0.14
12/21/2024 17:35:30,1.16.3,RevT_L,0,3.9,1.0,99,Pellet,Left,325,501,263,0,0.73,23.0,
12/21/2024 18:10:11,1.16.3,RevT_L,0,3.9,,99,Right,Left,325,502,263,0,,,0.07
12/21/2024 18:10:14,1.16.3,RevT_L,0,3.9,,99,Left,Left,326,502,263,0,,,0.1
12/21/2024 18:10:15,1.16.3,RevT_L,0,3.89,2.0,99,Pellet,Left,326,502,264,0,0.42,2085.0,
12/21/2024 18:10:42,1.16.3,RevT_L,0,3.9,,99,Left,Left,327,502,264,0,,,0.13
12/21/2024 18:11:03,1.16.3,RevT_L,0,3.9,1.0,99,Pellet,Left,327,502,265,0,20.55,48.0,
12/21/2024 18:11:30,1.16.3,RevT_L,0,3.91,,99,Right,Left,327,503,265,0,,,0.49
12/21/2024 18:11:34,1.16.3,RevT_L,0,3.9,,99,Right,Left,327,504,265,0,,,0.22
12/21/2024 18:11:36,1.16.3,RevT_L,0,3.9,,99,Right,Left,327,505,265,0,,,0.2
12/21/2024 18:11:39,1.16.3,RevT_L,0,3.9,,99,Right,Left,327,506,265,0,,,0.11
12/21/2024 18:12:05,1.16.3,RevT_L,0,3.9,,99,Right,Left,327,507,265,0,,,0.09
12/21/2024 18:12:22,1.16.3,RevT_L,0,3.89,,99,Left,Left,328,507,265,0,,,0.07
12/21/2024 18:12:23,1.16.3,RevT_L,0,3.89,1.0,99,Pellet,Left,328,507,266,0,0.79,80.0,
12/21/2024 18:32:34,1.16.3,RevT_L,0,3.9,,99,Left,Left,329,507,266,0,,,0.21
12/21/2024 18:32:37,1.16.3,RevT_L,0,3.9,2.0,99,Pellet,Left,329,507,267,0,1.65,1214.0,
12/21/2024 18:33:32,1.16.3,RevT_L,0,3.9,,99,Left,Left,330,507,267,0,,,0.11
12/21/2024 18:33:37,1.16.3,RevT_L,0,3.9,1.0,99,Pellet,Left,330,507,268,0,4.66,60.0,
12/21/2024 18:37:06,1.16.3,RevT_L,0,3.9,,99,Left,Left,331,507,268,0,,,0.04
12/21/2024 18:37:07,1.16.3,RevT_L,0,3.9,1.0,99,Pellet,Left,331,507,269,0,0.36,210.0,
12/21/2024 18:37:34,1.16.3,RevT_L,0,3.89,,99,Right,Left,331,508,269,0,,,0.34
12/21/2024 18:37:37,1.16.3,RevT_L,0,3.9,,99,Right,Left,331,509,269,0,,,0.39
12/21/2024 18:41:10,1.16.3,RevT_L,0,3.9,,99,Left,Left,332,509,269,0,,,0.04
12/21/2024 18:41:43,1.16.3,RevT_L,0,3.9,1.0,99,Pellet,Left,332,509,270,0,32.47,276.0,
12/21/2024 18:43:02,1.16.3,RevT_L,0,3.9,,99,Left,Left,333,509,270,0,,,0.06
12/21/2024 18:43:04,1.16.3,RevT_L,0,3.9,1.0,99,Pellet,Left,333,509,271,0,0.42,81.0,
12/21/2024 18:43:23,1.16.3,RevT_L,0,3.9,,99,Right,Left,333,510,271,0,,,0.06
12/21/2024 18:43:25,1.16.3,RevT_L,0,3.9,,99,Right,Left,333,511,271,0,,,0.06
12/21/2024 18:43:26,1.16.3,RevT_L,0,3.9,,99,Right,Left,333,512,271,0,,,0.24
12/21/2024 18:43:27,1.16.3,RevT_L,0,3.9,,99,Left,Left,334,512,271,0,,,0.02
12/21/2024 18:43:28,1.16.3,RevT_L,0,3.9,1.0,99,Pellet,Left,334,512,272,0,0.30,24.0,
12/21/2024 18:43:53,1.16.3,RevT_L,0,3.9,,99,Left,Left,335,512,272,0,,,0.16
12/21/2024 18:43:54,1.16.3,RevT_L,0,3.9,2.0,99,Pellet,Left,335,512,273,0,0.36,26.0,
12/21/2024 18:44:24,1.16.3,RevT_L,0,3.9,,99,Right,Left,335,513,273,0,,,0.02
12/21/2024 18:44:26,1.16.3,RevT_L,0,3.9,,99,Left,Left,336,513,273,0,,,0.12
12/21/2024 18:44:28,1.16.3,RevT_L,0,3.91,1.0,99,Pellet,Left,336,513,274,0,1.65,34.0,
12/21/2024 18:48:47,1.16.3,RevT_L,0,3.9,,99,Right,Left,336,514,274,0,,,0.06
12/21/2024 19:10:20,1.16.3,RevT_L,0,3.9,,99,Left,Left,337,514,274,0,,,0.13
12/21/2024 19:10:22,1.16.3,RevT_L,0,3.9,1.0,99,Pellet,Left,337,514,275,0,1.03,1554.0,
12/21/2024 19:10:49,1.16.3,RevT_L,0,3.9,,99,Right,Right,337,515,275,0,,,0.18
12/21/2024 19:10:49,1.16.3,RevT_L,0,3.9,,99,RightDuringDispense,Right,337,516,275,0,,,0.03
12/21/2024 19:10:51,1.16.3,RevT_L,0,3.89,,99,RightDuringDispense,Right,337,517,275,0,,,0.0
12/21/2024 19:10:55,1.16.3,RevT_L,0,3.9,4.0,99,Pellet,Right,337,517,276,0,0.55,33.0,
12/21/2024 19:45:31,1.16.3,RevT_L,0,3.89,,99,Right,Right,337,518,276,0,,,0.29
12/21/2024 19:48:26,1.16.3,RevT_L,0,3.9,1.0,99,Pellet,Right,337,518,277,0,Timed_out,2251.0,
12/21/2024 19:48:47,1.16.3,RevT_L,0,3.89,,99,Left,Right,338,518,277,0,,,0.16
12/21/2024 19:48:49,1.16.3,RevT_L,0,3.89,,99,Left,Right,339,518,277,0,,,0.18
12/21/2024 19:48:51,1.16.3,RevT_L,0,3.91,,99,Left,Right,340,518,277,0,,,0.34
12/21/2024 19:49:49,1.16.3,RevT_L,0,3.9,,99,Right,Right,340,519,277,0,,,0.29
12/21/2024 19:49:50,1.16.3,RevT_L,0,3.9,1.0,99,Pellet,Right,340,519,278,0,0.85,84.0,
12/21/2024 19:50:30,1.16.3,RevT_L,0,3.9,,99,Right,Right,340,520,278,0,,,0.14
12/21/2024 19:50:32,1.16.3,RevT_L,0,3.9,1.0,99,Pellet,Right,340,520,279,0,0.48,42.0,
12/21/2024 19:50:48,1.16.3,RevT_L,0,3.9,,99,Right,Right,340,521,279,0,,,0.04
12/21/2024 19:50:50,1.16.3,RevT_L,0,3.9,1.0,99,Pellet,Right,340,521,280,0,0.67,18.0,
12/21/2024 19:51:16,1.16.3,RevT_L,0,3.9,,99,Right,Right,340,522,280,0,,,0.47
12/21/2024 19:51:17,1.16.3,RevT_L,0,3.9,2.0,99,Pellet,Right,340,522,281,0,0.67,27.0,
12/21/2024 19:51:41,1.16.3,RevT_L,0,3.9,,99,Right,Right,340,523,281,0,,,0.34
12/21/2024 19:51:42,1.16.3,RevT_L,0,3.89,1.0,99,Pellet,Right,340,523,282,0,0.48,25.0,
12/21/2024 19:51:57,1.16.3,RevT_L,0,3.9,,99,Right,Right,340,524,282,0,,,0.1
12/21/2024 19:51:59,1.16.3,RevT_L,0,3.9,1.0,99,Pellet,Right,340,524,283,0,0.67,17.0,
12/21/2024 19:52:19,1.16.3,RevT_L,0,3.9,,99,Right,Right,340,525,283,0,,,0.05
12/21/2024 19:52:38,1.16.3,RevT_L,0,3.9,2.0,99,Pellet,Right,340,525,284,0,18.40,39.0,
12/21/2024 20:57:50,1.16.3,RevT_L,0,3.89,,99,Left,Right,341,525,284,0,,,0.26
12/21/2024 20:58:02,1.16.3,RevT_L,0,3.89,,99,Left,Right,342,525,284,0,,,0.23
12/21/2024 20:58:04,1.16.3,RevT_L,0,3.89,,99,Right,Right,342,526,284,0,,,0.25
12/21/2024 20:58:05,1.16.3,RevT_L,0,3.89,1.0,99,Pellet,Right,342,526,285,0,0.85,3927.0,
12/21/2024 20:58:34,1.16.3,RevT_L,0,3.89,,99,Right,Right,342,527,285,0,,,0.26
12/21/2024 20:58:35,1.16.3,RevT_L,0,3.89,1.0,99,Pellet,Right,342,527,286,0,0.42,30.0,
12/21/2024 20:58:58,1.16.3,RevT_L,0,3.9,,99,Right,Right,342,528,286,0,,,0.21
12/21/2024 20:58:59,1.16.3,RevT_L,0,3.89,1.0,99,Pellet,Right,342,528,287,0,0.49,24.0,
12/21/2024 20:59:19,1.16.3,RevT_L,0,3.89,,99,Right,Right,342,529,287,0,,,0.07
12/21/2024 20:59:20,1.16.3,RevT_L,0,3.89,1.0,99,Pellet,Right,342,529,288,0,0.49,21.0,
12/21/2024 20:59:41,1.16.3,RevT_L,0,3.89,,99,Right,Right,342,530,288,0,,,0.17
12/21/2024 21:00:00,1.16.3,RevT_L,0,3.89,3.0,99,Pellet,Right,342,530,289,0,15.94,40.0,
12/21/2024 21:02:15,1.16.3,RevT_L,0,3.89,,99,Left,Right,343,530,289,0,,,0.25
12/21/2024 21:02:18,1.16.3,RevT_L,0,3.89,,99,Left,Right,344,530,289,0,,,0.21
12/21/2024 21:02:21,1.16.3,RevT_L,0,3.89,,99,Left,Right,345,530,289,0,,,0.18
12/21/2024 21:02:22,1.16.3,RevT_L,0,3.9,,99,Left,Right,346,530,289,0,,,0.16
12/21/2024 21:02:25,1.16.3,RevT_L,0,3.89,,99,Right,Right,346,531,289,0,,,0.12
12/21/2024 21:02:28,1.16.3,RevT_L,0,3.9,2.0,99,Pellet,Right,346,531,290,0,1.96,148.0,
12/21/2024 21:02:32,1.16.3,RevT_L,0,3.89,,99,Right,Right,346,532,290,0,,,0.22
12/21/2024 21:02:35,1.16.3,RevT_L,0,3.89,3.0,99,Pellet,Right,346,532,291,0,0.61,7.0,
12/21/2024 21:16:46,1.16.3,RevT_L,0,3.9,,99,Right,Right,346,533,291,0,,,0.14
12/21/2024 21:16:48,1.16.3,RevT_L,0,3.89,1.0,99,Pellet,Right,346,533,292,0,0.55,852.0,
12/21/2024 21:17:16,1.16.3,RevT_L,0,3.89,,99,Right,Right,346,534,292,0,,,0.02
12/21/2024 21:17:18,1.16.3,RevT_L,0,3.89,1.0,99,Pellet,Right,346,534,293,0,0.61,31.0,
12/21/2024 22:15:09,1.16.3,RevT_L,0,3.89,,99,Right,Right,346,535,293,0,,,0.34
12/21/2024 22:15:11,1.16.3,RevT_L,0,3.89,1.0,99,Pellet,Right,346,535,294,0,0.61,3473.0,
12/21/2024 22:15:36,1.16.3,RevT_L,0,3.89,,99,Right,Right,346,536,294,0,,,0.22
12/21/2024 22:15:38,1.16.3,RevT_L,0,3.89,1.0,99,Pellet,Right,346,536,295,0,0.73,27.0,
12/21/2024 22:16:09,1.16.3,RevT_L,0,3.89,,99,Right,Right,346,537,295,0,,,0.18
12/21/2024 22:16:10,1.16.3,RevT_L,0,3.89,1.0,99,Pellet,Right,346,537,296,0,0.36,32.0,
12/21/2024 22:16:33,1.16.3,RevT_L,0,3.89,,99,Right,Right,346,538,296,0,,,0.23
12/21/2024 22:16:34,1.16.3,RevT_L,0,3.89,1.0,99,Pellet,Right,346,538,297,0,0.55,24.0,
12/21/2024 22:16:54,1.16.3,RevT_L,0,3.89,,99,Right,Right,346,539,297,0,,,0.31
12/21/2024 22:16:55,1.16.3,RevT_L,0,3.89,1.0,99,Pellet,Right,346,539,298,0,0.36,21.0,
12/21/2024 22:17:23,1.16.3,RevT_L,0,3.89,,99,Left,Right,347,539,298,0,,,0.23
12/21/2024 22:17:25,1.16.3,RevT_L,0,3.89,,99,Right,Right,347,540,298,0,,,0.27
12/21/2024 22:17:26,1.16.3,RevT_L,0,3.89,2.0,99,Pellet,Right,347,540,299,0,0.42,31.0,
12/21/2024 22:17:59,1.16.3,RevT_L,0,3.89,,99,Right,Right,347,541,299,0,,,0.6
12/21/2024 22:18:00,1.16.3,RevT_L,0,3.89,2.0,99,Pellet,Right,347,541,300,0,0.24,34.0,
12/21/2024 22:18:29,1.16.3,RevT_L,0,3.89,,99,Right,Left,347,542,300,0,,,0.3
12/21/2024 22:18:31,1.16.3,RevT_L,0,3.89,,99,Right,Left,347,543,300,0,,,0.44
12/21/2024 22:18:35,1.16.3,RevT_L,0,3.89,,99,Left,Left,348,543,300,0,,,0.17
12/21/2024 22:18:36,1.16.3,RevT_L,0,3.89,1.0,99,Pellet,Left,348,543,301,0,0.42,36.0,
12/21/2024 22:19:05,1.16.3,RevT_L,0,3.89,,99,Right,Left,348,544,301,0,,,0.03
12/21/2024 22:19:07,1.16.3,RevT_L,0,3.9,,99,Right,Left,348,545,301,0,,,0.08
12/21/2024 23:07:35,1.16.3,RevT_L,0,3.89,,99,Right,Left,348,546,301,0,,,0.16
12/21/2024 23:07:41,1.16.3,RevT_L,0,3.89,,99,Right,Left,348,547,301,0,,,0.0
12/21/2024 23:07:43,1.16.3,RevT_L,0,3.89,,99,Left,Left,349,547,301,0,,,0.3
12/21/2024 23:07:44,1.16.3,RevT_L,0,3.89,1.0,99,Pellet,Left,349,547,302,0,0.91,2948.0,
12/21/2024 23:08:08,1.16.3,RevT_L,0,3.89,,99,Right,Left,349,548,302,0,,,0.09
12/21/2024 23:08:10,1.16.3,RevT_L,0,3.89,,99,Right,Left,349,549,302,0,,,0.07
12/21/2024 23:08:12,1.16.3,RevT_L,0,3.89,,99,Right,Left,349,550,302,0,,,0.16
12/21/2024 23:08:16,1.16.3,RevT_L,0,3.89,,99,Right,Left,349,551,302,0,,,0.06
12/21/2024 23:08:17,1.16.3,RevT_L,0,3.89,,99,Left,Left,350,551,302,0,,,0.32
12/21/2024 23:08:19,1.16.3,RevT_L,0,3.89,1.0,99,Pellet,Left,350,551,303,0,0.61,35.0,
12/21/2024 23:08:54,1.16.3,RevT_L,0,3.89,,99,Right,Left,350,552,303,0,,,0.19
12/21/2024 23:08:56,1.16.3,RevT_L,0,3.89,,99,Left,Left,351,552,303,0,,,0.13
12/21/2024 23:08:57,1.16.3,RevT_L,0,3.89,1.0,99,Pellet,Left,351,552,304,0,0.55,38.0,
12/21/2024 23:13:54,1.16.3,RevT_L,0,3.89,,99,Right,Left,351,553,304,0,,,0.4
12/21/2024 23:13:58,1.16.3,RevT_L,0,3.89,,99,Left,Left,352,553,304,0,,,0.18
12/21/2024 23:13:59,1.16.3,RevT_L,0,3.89,1.0,99,Pellet,Left,352,553,305,0,0.85,302.0,
12/21/2024 23:21:27,1.16.3,RevT_L,0,3.89,,99,Left,Left,353,553,305,0,,,0.15
12/21/2024 23:21:31,1.16.3,RevT_L,0,3.89,1.0,99,Pellet,Left,353,553,306,0,3.31,452.0,
12/21/2024 23:28:37,1.16.3,RevT_L,0,3.89,,99,Left,Left,354,553,306,0,,,0.13
12/21/2024 23:28:37,1.16.3,RevT_L,0,3.89,,99,LeftDuringDispense,Left,355,553,306,0,,,0.18
12/21/2024 23:28:38,1.16.3,RevT_L,0,3.89,,99,LeftDuringDispense,Left,356,553,306,0,,,0.08
12/21/2024 23:28:42,1.16.3,RevT_L,0,3.89,2.0,99,Pellet,Left,356,553,307,0,1.16,431.0,
12/21/2024 23:31:28,1.16.3,RevT_L,0,3.89,,99,Right,Left,356,554,307,0,,,0.15
12/21/2024 23:40:06,1.16.3,RevT_L,0,3.89,,99,Right,Left,356,555,307,0,,,0.24
12/21/2024 23:40:07,1.16.3,RevT_L,0,3.89,,99,Left,Left,357,555,307,0,,,0.08
12/21/2024 23:40:12,1.16.3,RevT_L,0,3.89,,99,RightWithPellet,Left,357,556,307,0,,,0.03
12/21/2024 23:40:13,1.16.3,RevT_L,0,3.89,,99,LeftWithPellet,Left,358,556,307,0,,,0.12
12/21/2024 23:40:14,1.16.3,RevT_L,0,3.89,,99,LeftWithPellet,Left,359,556,307,0,,,0.02
12/21/2024 23:40:50,1.16.3,RevT_L,0,3.89,1.0,99,Pellet,Left,359,556,308,0,41.61,727.0,
12/22/2024 1:20:48,1.16.3,RevT_L,0,3.88,,99,Right,Left,359,557,308,0,,,0.28
12/22/2024 1:20:50,1.16.3,RevT_L,0,3.89,,99,Left,Left,360,557,308,0,,,0.14
12/22/2024 1:20:52,1.16.3,RevT_L,0,3.89,1.0,99,Pellet,Left,360,557,309,0,1.46,6003.0,
12/22/2024 1:21:16,1.16.3,RevT_L,0,3.89,,99,Right,Left,360,558,309,0,,,0.23
12/22/2024 1:21:18,1.16.3,RevT_L,0,3.89,,99,Right,Left,360,559,309,0,,,0.2
12/22/2024 1:21:19,1.16.3,RevT_L,0,3.89,,99,Right,Left,360,560,309,0,,,0.23
12/22/2024 1:21:21,1.16.3,RevT_L,0,3.89,,99,Right,Left,360,561,309,0,,,0.22
12/22/2024 1:21:22,1.16.3,RevT_L,0,3.89,,99,Right,Left,360,562,309,0,,,0.05
12/22/2024 1:21:24,1.16.3,RevT_L,0,3.88,,99,Left,Left,361,562,309,0,,,0.29
12/22/2024 1:21:26,1.16.3,RevT_L,0,3.88,1.0,99,Pellet,Left,361,562,310,0,0.79,34.0,
12/22/2024 1:21:45,1.16.3,RevT_L,0,3.88,,99,Left,Left,362,562,310,0,,,0.07
12/22/2024 1:21:46,1.16.3,RevT_L,0,3.89,2.0,99,Pellet,Left,362,562,311,0,0.61,20.0,
12/22/2024 1:22:10,1.16.3,RevT_L,0,3.89,,99,Left,Left,363,562,311,0,,,0.09
12/22/2024 1:22:12,1.16.3,RevT_L,0,3.89,2.0,99,Pellet,Left,363,562,312,0,0.49,26.0,
12/22/2024 1:22:45,1.16.3,RevT_L,0,3.89,,99,Right,Left,363,563,312,0,,,0.24
12/22/2024 1:22:46,1.16.3,RevT_L,0,3.89,,99,Left,Left,364,563,312,0,,,0.2
12/22/2024 1:22:47,1.16.3,RevT_L,0,3.89,1.0,99,Pellet,Left,364,563,313,0,0.36,35.0,
12/22/2024 1:23:23,1.16.3,RevT_L,0,3.89,,99,Left,Left,365,563,313,0,,,0.15
12/22/2024 1:23:24,1.16.3,RevT_L,0,3.89,1.0,99,Pellet,Left,365,563,314,0,0.36,36.0,
12/22/2024 1:23:45,1.16.3,RevT_L,0,3.89,,99,Right,Left,365,564,314,0,,,0.07
12/22/2024 1:23:48,1.16.3,RevT_L,0,3.89,,99,Left,Left,366,564,314,0,,,0.14
12/22/2024 1:23:50,1.16.3,RevT_L,0,3.89,2.0,99,Pellet,Left,366,564,315,0,0.06,26.0,
12/22/2024 1:24:04,1.16.3,RevT_L,0,3.89,,99,Left,Left,367,564,315,0,,,0.15
12/22/2024 1:24:05,1.16.3,RevT_L,0,3.89,1.0,99,Pellet,Left,367,564,316,0,0.55,16.0,
12/22/2024 1:24:21,1.16.3,RevT_L,0,3.89,,99,Left,Left,368,564,316,0,,,0.03
12/22/2024 1:24:23,1.16.3,RevT_L,0,3.88,1.0,99,Pellet,Left,368,564,317,0,1.04,18.0,
12/22/2024 1:24:48,1.16.3,RevT_L,0,3.88,,99,Left,Left,369,564,317,0,,,0.04
12/22/2024 1:24:50,1.16.3,RevT_L,0,3.89,1.0,99,Pellet,Left,369,564,318,0,1.16,27.0,
12/22/2024 1:36:48,1.16.3,RevT_L,0,3.89,,99,Right,Left,369,565,318,0,,,0.04
12/22/2024 1:37:56,1.16.3,RevT_L,0,3.88,,99,Right,Left,369,566,318,0,,,0.06
12/22/2024 1:41:09,1.16.3,RevT_L,0,3.89,,99,Right,Left,369,567,318,0,,,0.1
12/22/2024 1:43:01,1.16.3,RevT_L,0,3.89,,99,Left,Left,370,567,318,0,,,0.36
12/22/2024 1:44:55,1.16.3,RevT_L,0,3.89,1.0,99,Pellet,Left,370,567,319,0,Timed_out,1205.0,
12/22/2024 2:01:32,1.16.3,RevT_L,0,3.88,,99,Left,Left,371,567,319,0,,,0.11
12/22/2024 2:01:33,1.16.3,RevT_L,0,3.88,1.0,99,Pellet,Left,371,567,320,0,0.61,998.0,
12/22/2024 2:02:03,1.16.3,RevT_L,0,3.89,,99,Left,Left,372,567,320,0,,,0.06
12/22/2024 2:02:05,1.16.3,RevT_L,0,3.89,1.0,99,Pellet,Left,372,567,321,0,0.79,31.0,
12/22/2024 2:23:34,1.16.3,RevT_L,0,3.89,,99,Right,Left,372,568,321,0,,,0.15
12/22/2024 2:23:35,1.16.3,RevT_L,0,3.88,,99,Left,Left,373,568,321,0,,,0.12
12/22/2024 2:23:36,1.16.3,RevT_L,0,3.89,1.0,99,Pellet,Left,373,568,322,0,0.61,1292.0,
12/22/2024 2:23:59,1.16.3,RevT_L,0,3.89,,99,Right,Left,373,569,322,0,,,0.09
12/22/2024 2:24:03,1.16.3,RevT_L,0,3.89,,99,Left,Left,374,569,322,0,,,0.13
12/22/2024 2:24:07,1.16.3,RevT_L,0,3.88,2.0,99,Pellet,Left,374,569,323,0,1.71,31.0,
12/22/2024 2:24:27,1.16.3,RevT_L,0,3.89,,99,Left,Left,375,569,323,0,,,0.08
12/22/2024 2:24:28,1.16.3,RevT_L,0,3.88,2.0,99,Pellet,Left,375,569,324,0,0.36,21.0,
12/22/2024 2:24:51,1.16.3,RevT_L,0,3.89,,99,Right,Left,375,570,324,0,,,0.16
12/22/2024 2:24:54,1.16.3,RevT_L,0,3.89,,99,Left,Left,376,570,324,0,,,0.04
12/22/2024 2:24:56,1.16.3,RevT_L,0,3.89,1.0,99,Pellet,Left,376,570,325,0,0.42,28.0,
12/22/2024 2:25:34,1.16.3,RevT_L,0,3.88,,99,Right,Right,376,571,325,0,,,0.06
12/22/2024 2:25:37,1.16.3,RevT_L,0,3.89,3.0,99,Pellet,Right,376,571,326,0,0.49,41.0,
12/22/2024 4:32:01,1.16.3,RevT_L,0,3.88,,99,Left,Right,377,571,326,0,,,0.28
12/22/2024 4:32:03,1.16.3,RevT_L,0,3.89,,99,Left,Right,378,571,326,0,,,0.09
12/22/2024 4:34:48,1.16.3,RevT_L,0,3.88,,99,Left,Right,379,571,326,0,,,0.14
12/22/2024 4:34:49,1.16.3,RevT_L,0,3.88,,99,Left,Right,380,571,326,0,,,0.14
12/22/2024 4:34:52,1.16.3,RevT_L,0,3.89,,99,Right,Right,380,572,326,0,,,0.46
12/22/2024 4:34:54,1.16.3,RevT_L,0,3.88,2.0,99,Pellet,Right,380,572,327,0,0.98,7757.0,
12/22/2024 4:35:28,1.16.3,RevT_L,0,3.88,,99,Right,Right,380,573,327,0,,,0.27
12/22/2024 4:35:30,1.16.3,RevT_L,0,3.88,2.0,99,Pellet,Right,380,573,328,0,0.42,36.0,
12/22/2024 4:35:56,1.16.3,RevT_L,0,3.87,,99,Left,Right,381,573,328,0,,,0.13
12/22/2024 4:35:58,1.16.3,RevT_L,0,3.87,,99,Left,Right,382,573,328,0,,,0.13
12/22/2024 4:36:03,1.16.3,RevT_L,0,3.88,,99,Left,Right,383,573,328,0,,,0.17
12/22/2024 4:36:04,1.16.3,RevT_L,0,3.88,,99,Left,Right,384,573,328,0,,,0.2
12/22/2024 4:36:06,1.16.3,RevT_L,0,3.88,,99,Left,Right,385,573,328,0,,,0.35
12/22/2024 4:36:10,1.16.3,RevT_L,0,3.88,,99,Right,Right,385,574,328,0,,,0.03
12/22/2024 4:36:13,1.16.3,RevT_L,0,3.88,1.0,99,Pellet,Right,385,574,329,0,2.08,43.0,
12/22/2024 4:51:27,1.16.3,RevT_L,0,3.87,,99,Left,Right,386,574,329,0,,,0.05
12/22/2024 4:51:47,1.16.3,RevT_L,0,3.88,,99,Right,Right,386,575,329,0,,,0.17
12/22/2024 4:51:50,1.16.3,RevT_L,0,3.88,1.0,99,Pellet,Right,386,575,330,0,1.65,937.0,
12/22/2024 5:03:40,1.16.3,RevT_L,0,3.88,,99,Left,Right,387,575,330,0,,,0.17
12/22/2024 5:03:42,1.16.3,RevT_L,0,3.87,,99,Right,Right,387,576,330,0,,,0.17
12/22/2024 5:03:46,1.16.3,RevT_L,0,3.88,1.0,99,Pellet,Right,387,576,331,0,2.51,715.0,
12/22/2024 5:04:23,1.16.3,RevT_L,0,3.87,,99,Right,Right,387,577,331,0,,,0.39
12/22/2024 5:04:24,1.16.3,RevT_L,0,3.87,1.0,99,Pellet,Right,387,577,332,0,0.36,39.0,
12/22/2024 5:04:48,1.16.3,RevT_L,0,3.88,,99,Right,Right,387,578,332,0,,,0.47
12/22/2024 5:04:49,1.16.3,RevT_L,0,3.87,2.0,99,Pellet,Right,387,578,333,0,0.12,25.0,
12/22/2024 5:05:13,1.16.3,RevT_L,0,3.87,,99,Left,Right,388,578,333,0,,,0.05
12/22/2024 6:26:48,1.16.3,RevT_L,0,3.87,,99,Left,Right,389,578,333,0,,,0.07
12/22/2024 6:26:50,1.16.3,RevT_L,0,3.88,,99,Left,Right,390,578,333,0,,,0.13
12/22/2024 6:26:52,1.16.3,RevT_L,0,3.87,,99,Left,Right,391,578,333,0,,,0.29
12/22/2024 6:26:54,1.16.3,RevT_L,0,3.87,,99,Right,Right,391,579,333,0,,,0.26
12/22/2024 6:26:55,1.16.3,RevT_L,0,3.88,1.0,99,Pellet,Right,391,579,334,0,1.04,4926.0,
12/22/2024 6:27:14,1.16.3,RevT_L,0,3.88,,99,Right,Right,391,580,334,0,,,0.01
12/22/2024 6:27:16,1.16.3,RevT_L,0,3.88,1.0,99,Pellet,Right,391,580,335,0,1.71,21.0,
12/22/2024 6:27:35,1.16.3,RevT_L,0,3.88,,99,Right,Right,391,581,335,0,,,0.11
12/22/2024 6:27:36,1.16.3,RevT_L,0,3.87,1.0,99,Pellet,Right,391,581,336,0,0.49,20.0,
12/22/2024 6:27:56,1.16.3,RevT_L,0,3.87,,99,Right,Right,391,582,336,0,,,0.29
12/22/2024 6:27:57,1.16.3,RevT_L,0,3.87,1.0,99,Pellet,Right,391,582,337,0,0.55,21.0,
12/22/2024 6:28:14,1.16.3,RevT_L,0,3.87,,99,Right,Right,391,583,337,0,,,0.16
12/22/2024 6:28:16,1.16.3,RevT_L,0,3.87,1.0,99,Pellet,Right,391,583,338,0,0.36,19.0,
12/22/2024 6:28:45,1.16.3,RevT_L,0,3.87,,99,Left,Right,392,583,338,0,,,0.07
12/22/2024 6:28:48,1.16.3,RevT_L,0,3.87,,99,Left,Right,393,583,338,0,,,0.21
12/22/2024 6:28:50,1.16.3,RevT_L,0,3.87,,99,Right,Right,393,584,338,0,,,0.26
12/22/2024 6:28:53,1.16.3,RevT_L,0,3.87,2.0,99,Pellet,Right,393,584,339,0,0.30,37.0,
12/22/2024 6:29:14,1.16.3,RevT_L,0,3.87,,99,Right,Right,393,585,339,0,,,0.25
12/22/2024 6:29:16,1.16.3,RevT_L,0,3.87,1.0,99,Pellet,Right,393,585,340,0,0.61,23.0,
12/22/2024 6:29:34,1.16.3,RevT_L,0,3.88,,99,Right,Right,393,586,340,0,,,0.25
12/22/2024 6:29:35,1.16.3,RevT_L,0,3.87,1.0,99,Pellet,Right,393,586,341,0,0.42,19.0,
12/22/2024 6:29:50,1.16.3,RevT_L,0,3.87,,99,Right,Right,393,587,341,0,,,0.34
12/22/2024 6:29:51,1.16.3,RevT_L,0,3.87,1.0,99,Pellet,Right,393,587,342,0,0.91,16.0,
12/22/2024 6:30:19,1.16.3,RevT_L,0,3.87,,99,Right,Right,393,588,342,0,,,0.19
12/22/2024 6:30:23,1.16.3,RevT_L,0,3.88,2.0,99,Pellet,Right,393,588,343,0,0.67,32.0,
12/22/2024 6:30:42,1.16.3,RevT_L,0,3.88,,99,Right,Right,393,589,343,0,,,0.04
12/22/2024 6:30:44,1.16.3,RevT_L,0,3.87,1.0,99,Pellet,Right,393,589,344,0,1.16,21.0,
12/22/2024 6:31:00,1.16.3,RevT_L,0,3.87,,99,Right,Right,393,590,344,0,,,0.25
12/22/2024 6:31:01,1.16.3,RevT_L,0,3.87,1.0,99,Pellet,Right,393,590,345,0,0.61,17.0,
12/22/2024 6:31:24,1.16.3,RevT_L,0,3.87,,99,Right,Right,393,591,345,0,,,0.21
12/22/2024 6:31:25,1.16.3,RevT_L,0,3.87,1.0,99,Pellet,Right,393,591,346,0,0.30,24.0,
12/22/2024 6:31:44,1.16.3,RevT_L,0,3.87,,99,Right,Right,393,592,346,0,,,0.1
12/22/2024 6:31:45,1.16.3,RevT_L,0,3.87,1.0,99,Pellet,Right,393,592,347,0,0.61,20.0,
12/22/2024 6:32:10,1.16.3,RevT_L,0,3.87,,99,Right,Right,393,593,347,0,,,0.0
12/22/2024 6:32:11,1.16.3,RevT_L,0,3.88,1.0,99,Pellet,Right,393,593,348,0,0.42,26.0,
12/22/2024 6:34:49,1.16.3,RevT_L,0,3.87,,99,Left,Right,394,593,348,0,,,0.14
12/22/2024 6:36:40,1.16.3,RevT_L,0,3.87,,99,Right,Right,394,594,348,0,,,0.07
12/22/2024 7:19:47,1.16.3,RevT_L,0,3.87,1.0,99,Pellet,Right,394,594,349,0,Timed_out,2856.0,
12/22/2024 7:20:04,1.16.3,RevT_L,0,3.87,,99,Right,Right,394,595,349,0,,,0.12
12/22/2024 7:20:06,1.16.3,RevT_L,0,3.87,1.0,99,Pellet,Right,394,595,350,0,0.79,19.0,
12/22/2024 7:20:27,1.16.3,RevT_L,0,3.87,,99,Right,Left,394,596,350,0,,,0.24
12/22/2024 7:20:30,1.16.3,RevT_L,0,3.87,,99,Right,Left,394,597,350,0,,,0.19
12/22/2024 7:20:31,1.16.3,RevT_L,0,3.87,,99,Right,Left,394,598,350,0,,,0.15
12/22/2024 7:20:33,1.16.3,RevT_L,0,3.87,,99,Right,Left,394,599,350,0,,,0.11
12/22/2024 7:20:45,1.16.3,RevT_L,0,3.87,,99,Right,Left,394,600,350,0,,,0.0
12/22/2024 7:20:46,1.16.3,RevT_L,0,3.88,,99,Right,Left,394,601,350,0,,,0.22
12/22/2024 7:20:48,1.16.3,RevT_L,0,3.87,,99,Right,Left,394,602,350,0,,,0.17
12/22/2024 7:20:49,1.16.3,RevT_L,0,3.88,,99,Right,Left,394,603,350,0,,,0.24
12/22/2024 7:20:54,1.16.3,RevT_L,0,3.87,,99,Left,Left,395,603,350,0,,,0.16
12/22/2024 7:20:59,1.16.3,RevT_L,0,3.87,1.0,99,Pellet,Left,395,603,351,0,3.68,53.0,
12/22/2024 7:21:15,1.16.3,RevT_L,0,3.87,,99,Left,Left,396,603,351,0,,,0.12
12/22/2024 7:21:16,1.16.3,RevT_L,0,3.87,1.0,99,Pellet,Left,396,603,352,0,0.42,17.0,
12/22/2024 8:18:26,1.16.3,RevT_L,0,3.87,,99,Right,Left,396,604,352,0,,,0.21
12/22/2024 8:26:06,1.16.3,RevT_L,0,3.87,,99,Left,Left,397,604,352,0,,,0.1
12/22/2024 8:26:10,1.16.3,RevT_L,0,3.87,,99,RightWithPellet,Left,397,605,352,0,,,0.03
12/22/2024 8:26:20,1.16.3,RevT_L,0,3.87,1.0,99,Pellet,Left,397,605,353,0,12.95,3904.0,
12/22/2024 8:27:29,1.16.3,RevT_L,0,3.87,,99,Left,Left,398,605,353,0,,,0.05
12/22/2024 8:27:30,1.16.3,RevT_L,0,3.87,1.0,99,Pellet,Left,398,605,354,0,0.79,70.0,
12/22/2024 8:28:22,1.16.3,RevT_L,0,3.87,,99,Right,Left,398,606,354,0,,,0.08
12/22/2024 8:30:19,1.16.3,RevT_L,0,3.87,,99,Left,Left,399,606,354,0,,,0.06
12/22/2024 8:30:31,1.16.3,RevT_L,0,3.87,1.0,99,Pellet,Left,399,606,355,0,11.06,181.0,
12/22/2024 9:24:19,1.16.3,RevT_L,0,3.87,,99,Right,Left,399,607,355,0,,,0.19
12/22/2024 9:24:21,1.16.3,RevT_L,0,3.87,,99,Left,Left,400,607,355,0,,,0.05
12/22/2024 9:24:23,1.16.3,RevT_L,0,3.87,1.0,99,Pellet,Left,400,607,356,0,1.34,3232.0,
12/22/2024 9:24:40,1.16.3,RevT_L,0,3.87,,99,Left,Left,401,607,356,0,,,0.12
12/22/2024 9:24:43,1.16.3,RevT_L,0,3.87,1.0,99,Pellet,Left,401,607,357,0,2.20,20.0,
12/22/2024 9:25:25,1.16.3,RevT_L,0,3.87,,99,Right,Left,401,608,357,0,,,0.0
12/22/2024 9:25:32,1.16.3,RevT_L,0,3.87,,99,Right,Left,401,609,357,0,,,0.13
12/22/2024 9:25:34,1.16.3,RevT_L,0,3.87,,99,Right,Left,401,610,357,0,,,0.15
12/22/2024 9:25:44,1.16.3,RevT_L,0,3.87,,99,Left,Left,402,610,357,0,,,0.04
12/22/2024 9:25:45,1.16.3,RevT_L,0,3.87,1.0,99,Pellet,Left,402,610,358,0,0.61,62.0,
12/22/2024 9:39:57,1.16.3,RevT_L,0,3.87,,99,Right,Left,402,611,358,0,,,0.02
12/22/2024 9:45:12,1.16.3,RevT_L,0,3.87,,99,Right,Left,402,612,358,0,,,0.05
12/22/2024 9:46:13,1.16.3,RevT_L,0,3.87,,99,Right,Left,402,613,358,0,,,0.15
12/22/2024 9:46:14,1.16.3,RevT_L,0,3.87,,99,Left,Left,403,613,358,0,,,0.1
12/22/2024 9:46:15,1.16.3,RevT_L,0,3.87,2.0,99,Pellet,Left,403,613,359,0,0.36,1230.0,
12/22/2024 9:50:56,1.16.3,RevT_L,0,3.87,,99,Left,Left,404,613,359,0,,,0.13
12/22/2024 9:55:06,1.16.3,RevT_L,0,3.87,,99,RightWithPellet,Left,404,614,359,0,,,0.6
12/22/2024 9:55:09,1.16.3,RevT_L,0,3.86,,99,LeftWithPellet,Left,405,614,359,0,,,0.42
12/22/2024 9:55:27,1.16.3,RevT_L,0,3.87,,99,RightWithPellet,Left,405,615,359,0,,,0.12
12/22/2024 10:05:38,1.16.3,RevT_L,0,3.87,1.0,99,Pellet,Left,405,615,360,0,Timed_out,1163.0,
12/22/2024 10:07:03,1.16.3,RevT_L,0,3.87,,99,Right,Left,405,616,360,0,,,0.31
12/22/2024 10:11:35,1.16.3,RevT_L,0,3.87,,99,Left,Left,406,616,360,0,,,0.14
12/22/2024 10:11:36,1.16.3,RevT_L,0,3.87,1.0,99,Pellet,Left,406,616,361,0,0.30,358.0,
12/22/2024 10:11:57,1.16.3,RevT_L,0,3.87,,99,Right,Left,406,617,361,0,,,0.2
12/22/2024 10:11:59,1.16.3,RevT_L,0,3.87,,99,Left,Left,407,617,361,0,,,0.03
12/22/2024 10:12:00,1.16.3,RevT_L,0,3.87,1.0,99,Pellet,Left,407,617,362,0,0.61,24.0,
12/22/2024 10:12:18,1.16.3,RevT_L,0,3.87,,99,Right,Left,407,618,362,0,,,0.06
12/22/2024 10:16:08,1.16.3,RevT_L,0,3.87,,99,Right,Left,407,619,362,0,,,0.26
12/22/2024 10:24:36,1.16.3,RevT_L,0,3.87,,99,Left,Left,408,619,362,0,,,0.09
12/22/2024 10:24:38,1.16.3,RevT_L,0,3.87,1.0,99,Pellet,Left,408,619,363,0,0.98,758.0,
12/22/2024 10:24:59,1.16.3,RevT_L,0,3.87,,99,Right,Left,408,620,363,0,,,0.09
12/22/2024 10:25:00,1.16.3,RevT_L,0,3.87,,99,Right,Left,408,621,363,0,,,0.11
12/22/2024 10:25:12,1.16.3,RevT_L,0,3.87,,99,Left,Left,409,621,363,0,,,0.11
12/22/2024 10:25:14,1.16.3,RevT_L,0,3.87,1.0,99,Pellet,Left,409,621,364,0,0.73,35.0,
12/22/2024 10:45:43,1.16.3,RevT_L,0,3.87,,99,Right,Left,409,622,364,0,,,0.02
12/22/2024 10:45:46,1.16.3,RevT_L,0,3.86,,99,Right,Left,409,623,364,0,,,0.33
12/22/2024 10:45:48,1.16.3,RevT_L,0,3.87,,99,Left,Left,410,623,364,0,,,0.11
12/22/2024 10:45:51,1.16.3,RevT_L,0,3.87,2.0,99,Pellet,Left,410,623,365,0,0.85,1238.0,
12/22/2024 10:46:18,1.16.3,RevT_L,0,3.86,,99,Left,Left,411,623,365,0,,,0.23
12/22/2024 10:46:19,1.16.3,RevT_L,0,3.87,1.0,99,Pellet,Left,411,623,366,0,0.30,27.0,
12/22/2024 10:46:34,1.16.3,RevT_L,0,3.86,,99,Right,Left,411,624,366,0,,,0.11
12/22/2024 10:46:35,1.16.3,RevT_L,0,3.87,,99,Right,Left,411,625,366,0,,,0.22
12/22/2024 10:46:37,1.16.3,RevT_L,0,3.86,,99,Right,Left,411,626,366,0,,,0.22
12/22/2024 10:46:41,1.16.3,RevT_L,0,3.87,,99,Right,Left,411,627,366,0,,,0.61
12/22/2024 10:46:42,1.16.3,RevT_L,0,3.87,,99,Left,Left,412,627,366,0,,,0.02
12/22/2024 10:46:44,1.16.3,RevT_L,0,3.87,1.0,99,Pellet,Left,412,627,367,0,0.42,26.0,
12/22/2024 10:47:06,1.16.3,RevT_L,0,3.87,,99,Left,Left,413,627,367,0,,,0.29
12/22/2024 10:47:07,1.16.3,RevT_L,0,3.87,1.0,99,Pellet,Left,413,627,368,0,0.30,23.0,
12/22/2024 10:47:26,1.16.3,RevT_L,0,3.87,,99,Right,Left,413,628,368,0,,,0.0
12/22/2024 10:47:28,1.16.3,RevT_L,0,3.87,,99,Right,Left,413,629,368,0,,,0.28
12/22/2024 10:47:33,1.16.3,RevT_L,0,3.87,,99,Left,Left,414,629,368,0,,,0.45
12/22/2024 10:47:53,1.16.3,RevT_L,0,3.87,1.0,99,Pellet,Left,414,629,369,0,19.19,46.0,
12/22/2024 10:48:13,1.16.3,RevT_L,0,3.86,,99,Left,Left,415,629,369,0,,,0.09
12/22/2024 10:48:14,1.16.3,RevT_L,0,3.87,1.0,99,Pellet,Left,415,629,370,0,0.61,21.0,
12/22/2024 11:29:18,1.16.3,RevT_L,0,3.86,,99,Left,Left,416,629,370,0,,,0.52
12/22/2024 11:29:20,1.16.3,RevT_L,0,3.87,1.0,99,Pellet,Left,416,629,371,0,0.61,2466.0,
12/22/2024 11:30:02,1.16.3,RevT_L,0,3.87,,99,Right,Left,416,630,371,0,,,0.02
12/22/2024 11:30:06,1.16.3,RevT_L,0,3.86,,99,Right,Left,416,631,371,0,,,0.1
12/22/2024 11:30:28,1.16.3,RevT_L,0,3.86,,99,Right,Left,416,632,371,0,,,0.09
12/22/2024 11:30:30,1.16.3,RevT_L,0,3.86,,99,Left,Left,417,632,371,0,,,0.04
12/22/2024 11:30:31,1.16.3,RevT_L,0,3.86,1.0,99,Pellet,Left,417,632,372,0,0.61,71.0,
12/22/2024 11:31:21,1.16.3,RevT_L,0,3.87,,99,Right,Left,417,633,372,0,,,0.16
12/22/2024 11:31:25,1.16.3,RevT_L,0,3.86,,99,Left,Left,418,633,372,0,,,0.04
12/22/2024 11:31:30,1.16.3,RevT_L,0,3.87,,99,LeftWithPellet,Left,419,633,372,0,,,0.11
12/22/2024 11:31:32,1.16.3,RevT_L,0,3.86,,99,LeftWithPellet,Left,420,633,372,0,,,0.24
12/22/2024 11:31:46,1.16.3,RevT_L,0,3.86,1.0,99,Pellet,Left,420,633,373,0,19.60,75.0,
12/22/2024 11:39:03,1.16.3,RevT_L,0,3.86,,99,Right,Left,420,634,373,0,,,0.13
12/22/2024 11:39:06,1.16.3,RevT_L,0,3.86,,99,Right,Left,420,635,373,0,,,0.12
12/22/2024 11:47:49,1.16.3,RevT_L,0,3.87,,99,Left,Left,421,635,373,0,,,0.06
12/22/2024 11:47:52,1.16.3,RevT_L,0,3.86,1.0,99,Pellet,Left,421,635,374,0,1.96,966.0,
12/22/2024 11:58:07,1.16.3,RevT_L,0,3.86,,99,Right,Left,421,636,374,0,,,0.17
12/22/2024 11:58:10,1.16.3,RevT_L,0,3.87,,99,Right,Left,421,637,374,0,,,0.07
12/22/2024 11:58:12,1.16.3,RevT_L,0,3.87,,99,Left,Left,422,637,374,0,,,0.16
12/22/2024 11:58:14,1.16.3,RevT_L,0,3.87,1.0,99,Pellet,Left,422,637,375,0,1.10,622.0,
12/22/2024 11:58:52,1.16.3,RevT_L,0,3.86,,99,Right,Right,422,638,375,0,,,0.18
12/22/2024 11:58:53,1.16.3,RevT_L,0,3.86,1.0,99,Pellet,Right,422,638,376,0,0.49,39.0,
12/22/2024 11:59:10,1.16.3,RevT_L,0,3.86,,99,Right,Right,422,639,376,0,,,0.07
12/22/2024 11:59:12,1.16.3,RevT_L,0,3.86,1.0,99,Pellet,Right,422,639,377,0,0.85,19.0,
12/22/2024 11:59:29,1.16.3,RevT_L,0,3.86,,99,Right,Right,422,640,377,0,,,0.12
12/22/2024 11:59:30,1.16.3,RevT_L,0,3.86,2.0,99,Pellet,Right,422,640,378,0,0.42,18.0,
12/22/2024 11:59:48,1.16.3,RevT_L,0,3.86,,99,Right,Right,422,641,378,0,,,0.1
12/22/2024 11:59:52,1.16.3,RevT_L,0,3.86,,99,RightWithPellet,Right,422,642,378,0,,,0.05
12/22/2024 11:59:55,1.16.3,RevT_L,0,3.86,,99,LeftWithPellet,Right,423,642,378,0,,,0.1
12/22/2024 11:59:57,1.16.3,RevT_L,0,3.87,,99,RightWithPellet,Right,423,643,378,0,,,0.15
12/22/2024 12:14:05,1.16.3,RevT_L,0,3.86,,99,RightWithPellet,Right,423,644,378,0,,,0.08
12/22/2024 12:18:53,1.16.3,RevT_L,0,3.86,,99,LeftWithPellet,Right,424,644,378,0,,,0.19
12/22/2024 12:24:00,1.16.3,RevT_L,0,3.87,,99,RightWithPellet,Right,424,645,378,0,,,0.09
12/22/2024 12:24:27,1.16.3,RevT_L,0,3.87,,99,RightWithPellet,Right,424,646,378,0,,,0.08
12/22/2024 12:27:24,1.16.3,RevT_L,0,3.86,2.0,99,Pellet,Right,424,646,379,0,Timed_out,1674.0,
12/22/2024 12:28:30,1.16.3,RevT_L,0,3.86,,99,Right,Right,424,647,379,0,,,0.0
12/22/2024 12:28:32,1.16.3,RevT_L,0,3.86,2.0,99,Pellet,Right,424,647,380,0,0.42,68.0,
12/22/2024 12:29:11,1.16.3,RevT_L,0,3.86,,99,Right,Right,424,648,380,0,,,0.12
12/22/2024 12:29:13,1.16.3,RevT_L,0,3.86,2.0,99,Pellet,Right,424,648,381,0,0.61,41.0,
12/22/2024 12:29:39,1.16.3,RevT_L,0,3.86,,99,Right,Right,424,649,381,0,,,0.43
12/22/2024 12:29:44,1.16.3,RevT_L,0,3.86,,99,RightWithPellet,Right,424,650,381,0,,,0.16
12/22/2024 12:29:47,1.16.3,RevT_L,0,3.86,,99,LeftWithPellet,Right,425,650,381,0,,,0.15
12/22/2024 12:29:49,1.16.3,RevT_L,0,3.86,,99,LeftWithPellet,Right,426,650,381,0,,,0.34
12/22/2024 12:29:51,1.16.3,RevT_L,0,3.86,,99,LeftWithPellet,Right,427,650,381,0,,,0.3
12/22/2024 12:34:12,1.16.3,RevT_L,0,3.86,,99,LeftWithPellet,Right,428,650,381,0,,,0.58
12/22/2024 12:34:50,1.16.3,RevT_L,0,3.86,,99,RightWithPellet,Right,428,651,381,0,,,0.4
12/22/2024 12:35:10,1.16.3,RevT_L,0,3.86,,99,LeftWithPellet,Right,429,651,381,0,,,0.17
12/22/2024 12:35:12,1.16.3,RevT_L,0,3.86,2.0,99,Pellet,Right,429,651,382,0,Timed_out,359.0,
12/22/2024 12:43:22,1.16.3,RevT_L,0,3.86,,99,Left,Right,430,651,382,0,,,0.02
12/22/2024 12:49:44,1.16.3,RevT_L,0,3.86,,99,Left,Right,431,651,382,0,,,0.12
12/22/2024 12:53:58,1.16.3,RevT_L,0,3.86,,99,Right,Right,431,652,382,0,,,0.29
12/22/2024 12:54:12,1.16.3,RevT_L,0,3.86,1.0,99,Pellet,Right,431,652,383,0,12.67,1140.0,
12/22/2024 12:54:30,1.16.3,RevT_L,0,3.86,,99,Right,Right,431,653,383,0,,,0.21
12/22/2024 12:54:31,1.16.3,RevT_L,0,3.86,2.0,99,Pellet,Right,431,653,384,0,0.12,19.0,
12/22/2024 12:54:51,1.16.3,RevT_L,0,3.86,,99,Right,Right,431,654,384,0,,,0.24
12/22/2024 12:54:52,1.16.3,RevT_L,0,3.86,1.0,99,Pellet,Right,431,654,385,0,0.36,21.0,
12/22/2024 12:55:10,1.16.3,RevT_L,0,3.86,,99,Right,Right,431,655,385,0,,,0.2
12/22/2024 12:55:23,1.16.3,RevT_L,0,3.86,2.0,99,Pellet,Right,431,655,386,0,12.11,31.0,
12/22/2024 12:57:16,1.16.3,RevT_L,0,3.86,,99,Right,Right,431,656,386,0,,,0.08
12/22/2024 12:57:32,1.16.3,RevT_L,0,3.86,1.0,99,Pellet,Right,431,656,387,0,14.76,129.0,
12/22/2024 13:10:43,1.16.3,RevT_L,0,3.86,,99,Right,Right,431,657,387,0,,,0.1
12/22/2024 13:10:46,1.16.3,RevT_L,0,3.86,2.0,99,Pellet,Right,431,657,388,0,2.02,794.0,
12/22/2024 13:14:10,1.16.3,RevT_L,0,3.85,,99,Left,Right,432,657,388,0,,,0.15
12/22/2024 13:15:02,1.16.3,RevT_L,0,3.86,,99,Right,Right,432,658,388,0,,,0.14
12/22/2024 13:17:04,1.16.3,RevT_L,0,3.86,,99,RightWithPellet,Right,432,659,388,0,,,0.08
12/22/2024 13:17:09,1.16.3,RevT_L,0,3.86,,99,RightWithPellet,Right,432,660,388,0,,,0.09
12/22/2024 13:18:31,1.16.3,RevT_L,0,3.86,,99,RightWithPellet,Right,432,661,388,0,,,0.05
12/22/2024 13:20:20,1.16.3,RevT_L,0,3.86,1.0,99,Pellet,Right,432,661,389,0,Timed_out,574.0,
12/22/2024 13:24:15,1.16.3,RevT_L,0,3.86,,99,Right,Right,432,662,389,0,,,0.42
12/22/2024 13:26:28,1.16.3,RevT_L,0,3.85,,99,RightWithPellet,Right,432,663,389,0,,,0.17
12/22/2024 13:27:41,1.16.3,RevT_L,0,3.86,,99,RightWithPellet,Right,432,664,389,0,,,0.11
12/22/2024 13:30:04,1.16.3,RevT_L,0,3.86,1.0,99,Pellet,Right,432,664,390,0,Timed_out,584.0,
12/22/2024 13:32:44,1.16.3,RevT_L,0,3.86,,99,Left,Right,433,664,390,0,,,0.19
12/22/2024 13:35:52,1.16.3,RevT_L,0,3.86,,99,Left,Right,434,664,390,0,,,0.07
12/22/2024 13:39:03,1.16.3,RevT_L,0,3.86,,99,Right,Right,434,665,390,0,,,0.07
12/22/2024 13:39:08,1.16.3,RevT_L,0,3.86,2.0,99,Pellet,Right,434,665,391,0,2.57,544.0,
12/22/2024 13:47:40,1.16.3,RevT_L,0,3.86,,99,Left,Right,435,665,391,0,,,0.12
12/22/2024 13:49:57,1.16.3,RevT_L,0,3.86,,99,Right,Right,435,666,391,0,,,0.06
12/22/2024 13:49:59,1.16.3,RevT_L,0,3.86,1.0,99,Pellet,Right,435,666,392,0,0.67,651.0,
12/22/2024 13:50:17,1.16.3,RevT_L,0,3.86,,99,Right,Right,435,667,392,0,,,0.15
12/22/2024 13:50:19,1.16.3,RevT_L,0,3.86,1.0,99,Pellet,Right,435,667,393,0,0.91,20.0,
12/22/2024 13:55:29,1.16.3,RevT_L,0,3.86,,99,Left,Right,436,667,393,0,,,0.09
12/22/2024 13:55:40,1.16.3,RevT_L,0,3.86,,99,Left,Right,437,667,393,0,,,0.0
12/22/2024 13:57:06,1.16.3,RevT_L,0,3.86,,99,Right,Right,437,668,393,0,,,0.14
12/22/2024 13:57:40,1.16.3,RevT_L,0,3.86,1.0,99,Pellet,Right,437,668,394,0,33.03,440.0,
12/22/2024 14:00:13,1.16.3,RevT_L,0,3.86,,99,Right,Right,437,669,394,0,,,0.04
12/22/2024 14:00:15,1.16.3,RevT_L,0,3.85,1.0,99,Pellet,Right,437,669,395,0,1.03,156.0,
12/22/2024 14:02:04,1.16.3,RevT_L,0,3.86,,99,Right,Right,437,670,395,0,,,0.11
12/22/2024 14:10:08,1.16.3,RevT_L,0,3.85,,99,RightWithPellet,Right,437,671,395,0,,,0.14
12/22/2024 14:10:15,1.16.3,RevT_L,0,3.86,,99,LeftWithPellet,Right,438,671,395,0,,,0.33
12/22/2024 14:10:16,1.16.3,RevT_L,0,3.86,,99,LeftWithPellet,Right,439,671,395,0,,,0.25
12/22/2024 14:10:17,1.16.3,RevT_L,0,3.86,,99,LeftWithPellet,Right,440,671,395,0,,,0.2
12/22/2024 14:15:37,1.16.3,RevT_L,0,3.86,,99,RightWithPellet,Right,440,672,395,0,,,0.05
12/22/2024 14:15:38,1.16.3,RevT_L,0,3.85,,99,RightWithPellet,Right,440,673,395,0,,,0.12
12/22/2024 14:15:39,1.16.3,RevT_L,0,3.86,,99,RightWithPellet,Right,440,674,395,0,,,0.1
12/22/2024 14:15:40,1.16.3,RevT_L,0,3.85,,99,RightWithPellet,Right,440,675,395,0,,,0.21
12/22/2024 14:15:45,1.16.3,RevT_L,0,3.86,1.0,99,Pellet,Right,440,675,396,0,Timed_out,930.0,
12/22/2024 14:28:58,1.16.3,RevT_L,0,3.85,,99,Right,Right,440,676,396,0,,,0.29
12/22/2024 14:29:00,1.16.3,RevT_L,0,3.86,2.0,99,Pellet,Right,440,676,397,0,0.61,795.0,
12/22/2024 14:29:27,1.16.3,RevT_L,0,3.86,,99,Right,Right,440,677,397,0,,,0.31
12/22/2024 14:29:29,1.16.3,RevT_L,0,3.86,1.0,99,Pellet,Right,440,677,398,0,1.46,29.0,
12/22/2024 14:29:45,1.16.3,RevT_L,0,3.86,,99,Right,Right,440,678,398,0,,,0.25
12/22/2024 14:29:46,1.16.3,RevT_L,0,3.86,1.0,99,Pellet,Right,440,678,399,0,0.49,17.0,
12/22/2024 14:30:04,1.16.3,RevT_L,0,3.85,,99,Right,Right,440,679,399,0,,,0.21
12/22/2024 14:30:06,1.16.3,RevT_L,0,3.86,1.0,99,Pellet,Right,440,679,400,0,0.73,20.0,
12/22/2024 14:30:18,1.16.3,RevT_L,0,3.86,,99,Right,Left,440,680,400,0,,,0.0
12/22/2024 14:30:23,1.16.3,RevT_L,0,3.85,,99,Right,Left,440,681,400,0,,,0.16
12/22/2024 14:30:24,1.16.3,RevT_L,0,3.86,,99,Right,Left,440,682,400,0,,,0.25
12/22/2024 14:30:26,1.16.3,RevT_L,0,3.85,,99,Right,Left,440,683,400,0,,,0.73
12/22/2024 14:30:29,1.16.3,RevT_L,0,3.86,,99,Right,Left,440,684,400,0,,,0.22
12/22/2024 14:30:34,1.16.3,RevT_L,0,3.86,,99,Right,Left,440,685,400,0,,,0.24
12/22/2024 14:30:37,1.16.3,RevT_L,0,3.85,,99,Right,Left,440,686,400,0,,,0.23
12/22/2024 14:30:39,1.16.3,RevT_L,0,3.85,,99,Left,Left,441,686,400,0,,,0.13
12/22/2024 14:30:41,1.16.3,RevT_L,0,3.85,1.0,99,Pellet,Left,441,686,401,0,1.28,35.0,
12/22/2024 14:41:45,1.16.3,RevT_L,0,3.85,,99,Right,Left,441,687,401,0,,,0.07
12/22/2024 14:42:57,1.16.3,RevT_L,0,3.86,,99,Right,Left,441,688,401,0,,,0.06
12/22/2024 14:44:39,1.16.3,RevT_L,0,3.85,,99,Right,Left,441,689,401,0,,,0.09
12/22/2024 14:45:18,1.16.3,RevT_L,0,3.86,,99,Right,Left,441,690,401,0,,,0.1
12/22/2024 14:46:27,1.16.3,RevT_L,0,3.86,,99,Left,Left,442,690,401,0,,,0.04
12/22/2024 14:46:33,1.16.3,RevT_L,0,3.86,1.0,99,Pellet,Left,442,690,402,0,5.76,952.0,
12/22/2024 14:49:29,1.16.3,RevT_L,0,3.86,,99,Right,Left,442,691,402,0,,,0.07
12/22/2024 14:51:09,1.16.3,RevT_L,0,3.86,,99,Right,Left,442,692,402,0,,,0.1
12/22/2024 14:51:56,1.16.3,RevT_L,0,3.86,,99,Right,Left,442,693,402,0,,,0.11
12/22/2024 14:55:55,1.16.3,RevT_L,0,3.86,,99,Left,Left,443,693,402,0,,,0.06
12/22/2024 14:56:04,1.16.3,RevT_L,0,3.85,1.0,99,Pellet,Left,443,693,403,0,8.29,571.0,
12/22/2024 14:56:19,1.16.3,RevT_L,0,3.86,,99,Right,Left,443,694,403,0,,,0.32
12/22/2024 14:57:53,1.16.3,RevT_L,0,3.85,,99,Right,Left,443,695,403,0,,,0.02
12/22/2024 15:00:00,1.16.3,RevT_L,0,3.85,,99,Right,Left,443,696,403,0,,,0.07
12/22/2024 15:00:02,1.16.3,RevT_L,0,3.85,,99,Right,Left,443,697,403,0,,,0.1
12/22/2024 15:00:40,1.16.3,RevT_L,0,3.85,,99,Left,Left,444,697,403,0,,,0.79
12/22/2024 15:00:42,1.16.3,RevT_L,0,3.86,1.0,99,Pellet,Left,444,697,404,0,1.22,278.0,
12/22/2024 15:01:52,1.16.3,RevT_L,0,3.85,,99,Right,Left,444,698,404,0,,,0.08
12/22/2024 15:07:40,1.16.3,RevT_L,0,3.86,,99,Right,Left,444,699,404,0,,,0.02
12/22/2024 15:07:56,1.16.3,RevT_L,0,3.85,,99,Right,Left,444,700,404,0,,,0.07
12/22/2024 15:10:49,1.16.3,RevT_L,0,3.86,,99,Right,Left,444,701,404,0,,,0.12
12/22/2024 15:11:42,1.16.3,RevT_L,0,3.85,,99,Right,Left,444,702,404,0,,,0.08
12/22/2024 15:15:50,1.16.3,RevT_L,0,3.85,,99,Right,Left,444,703,404,0,,,0.11
12/22/2024 15:16:04,1.16.3,RevT_L,0,3.86,,99,Left,Left,445,703,404,0,,,0.14
12/22/2024 15:16:05,1.16.3,RevT_L,0,3.86,2.0,99,Pellet,Left,445,703,405,0,0.48,923.0,
12/22/2024 15:16:26,1.16.3,RevT_L,0,3.86,,99,Right,Left,445,704,405,0,,,0.38
12/22/2024 15:16:27,1.16.3,RevT_L,0,3.85,,99,Right,Left,445,705,405,0,,,0.23
12/22/2024 15:16:28,1.16.3,RevT_L,0,3.86,,99,Left,Left,446,705,405,0,,,0.02
12/22/2024 15:16:31,1.16.3,RevT_L,0,3.86,2.0,99,Pellet,Left,446,705,406,0,0.55,26.0,
12/22/2024 15:17:03,1.16.3,RevT_L,0,3.85,,99,Right,Left,446,706,406,0,,,0.1
12/22/2024 15:17:06,1.16.3,RevT_L,0,3.85,,99,Right,Left,446,707,406,0,,,0.13
12/22/2024 15:17:09,1.16.3,RevT_L,0,3.86,,99,Right,Left,446,708,406,0,,,0.24
12/22/2024 15:17:10,1.16.3,RevT_L,0,3.86,,99,Left,Left,447,708,406,0,,,0.07
12/22/2024 15:17:12,1.16.3,RevT_L,0,3.85,2.0,99,Pellet,Left,447,708,407,0,0.06,41.0,
12/22/2024 15:17:23,1.16.3,RevT_L,0,3.86,,99,Right,Left,447,709,407,0,,,0.1
12/22/2024 15:17:25,1.16.3,RevT_L,0,3.85,,99,Left,Left,448,709,407,0,,,0.04
12/22/2024 15:17:26,1.16.3,RevT_L,0,3.85,1.0,99,Pellet,Left,448,709,408,0,0.55,14.0,
12/22/2024 15:17:42,1.16.3,RevT_L,0,3.85,,99,Right,Left,448,710,408,0,,,0.24
12/22/2024 15:18:28,1.16.3,RevT_L,0,3.85,,99,Left,Left,449,710,408,0,,,0.15
12/22/2024 15:18:35,1.16.3,RevT_L,0,3.85,1.0,99,Pellet,Left,449,710,409,0,5.95,69.0,
12/22/2024 15:24:45,1.16.3,RevT_L,0,3.85,,99,Left,Left,450,710,409,0,,,0.11
12/22/2024 15:26:38,1.16.3,RevT_L,0,3.85,1.0,99,Pellet,Left,450,710,410,0,Timed_out,483.0,
12/22/2024 15:27:01,1.16.3,RevT_L,0,3.85,,99,Right,Left,450,711,410,0,,,0.1
12/22/2024 15:34:34,1.16.3,RevT_L,0,3.85,,99,Right,Left,450,712,410,0,,,0.14
12/22/2024 15:36:05,1.16.3,RevT_L,0,3.86,,99,Right,Left,450,713,410,0,,,0.03
12/22/2024 15:36:12,1.16.3,RevT_L,0,3.85,,99,Left,Left,451,713,410,0,,,0.04
12/22/2024 15:38:25,1.16.3,RevT_L,0,3.85,1.0,99,Pellet,Left,451,713,411,0,Timed_out,707.0,
12/22/2024 15:41:00,1.16.3,RevT_L,0,3.85,,99,Right,Left,451,714,411,0,,,0.05
12/22/2024 15:42:20,1.16.3,RevT_L,0,3.85,,99,Right,Left,451,715,411,0,,,0.18
12/22/2024 15:42:21,1.16.3,RevT_L,0,3.85,,99,Right,Left,451,716,411,0,,,0.08
12/22/2024 15:42:24,1.16.3,RevT_L,0,3.85,,99,Right,Left,451,717,411,0,,,0.16
12/22/2024 15:43:07,1.16.3,RevT_L,0,3.86,,99,Left,Left,452,717,411,0,,,0.22
12/22/2024 15:43:10,1.16.3,RevT_L,0,3.85,1.0,99,Pellet,Left,452,717,412,0,1.83,285.0,
12/22/2024 15:50:28,1.16.3,RevT_L,0,3.85,,99,Left,Left,453,717,412,0,,,0.17
12/22/2024 15:54:50,1.16.3,RevT_L,0,3.85,,99,RightWithPellet,Left,453,718,412,0,,,0.13
12/22/2024 15:54:52,1.16.3,RevT_L,0,3.85,,99,LeftWithPellet,Left,454,718,412,0,,,0.79
12/22/2024 15:55:01,1.16.3,RevT_L,0,3.85,,99,RightWithPellet,Left,454,719,412,0,,,0.16
12/22/2024 15:58:38,1.16.3,RevT_L,0,3.85,1.0,99,Pellet,Left,454,719,413,0,Timed_out,928.0,
12/22/2024 15:59:13,1.16.3,RevT_L,0,3.85,,99,Left,Left,455,719,413,0,,,0.18
12/22/2024 15:59:14,1.16.3,RevT_L,0,3.85,1.0,99,Pellet,Left,455,719,414,0,0.30,36.0,
12/22/2024 15:59:29,1.16.3,RevT_L,0,3.85,,99,Right,Left,455,720,414,0,,,0.13
12/22/2024 15:59:31,1.16.3,RevT_L,0,3.85,,99,Right,Left,455,721,414,0,,,0.11
12/22/2024 16:00:19,1.16.3,RevT_L,0,3.85,,99,Right,Left,455,722,414,0,,,0.04
12/22/2024 16:03:50,1.16.3,RevT_L,0,3.85,,99,Left,Left,456,722,414,0,,,0.12
12/22/2024 16:03:52,1.16.3,RevT_L,0,3.85,1.0,99,Pellet,Left,456,722,415,0,1.22,277.0,
12/22/2024 16:04:46,1.16.3,RevT_L,0,3.85,,99,Left,Left,457,722,415,0,,,0.08
12/22/2024 16:04:48,1.16.3,RevT_L,0,3.85,1.0,99,Pellet,Left,457,722,416,0,0.55,57.0,
12/22/2024 16:07:06,1.16.3,RevT_L,0,3.85,,99,Left,Left,458,722,416,0,,,0.04
12/22/2024 16:08:32,1.16.3,RevT_L,0,3.85,1.0,99,Pellet,Left,458,722,417,0,Timed_out,224.0,
12/22/2024 16:13:49,1.16.3,RevT_L,0,3.85,,99,Right,Left,458,723,417,0,,,0.02
12/22/2024 16:16:03,1.16.3,RevT_L,0,3.85,,99,Right,Left,458,724,417,0,,,0.22
12/22/2024 16:16:09,1.16.3,RevT_L,0,3.85,,99,Right,Left,458,725,417,0,,,0.08
12/22/2024 16:17:37,1.16.3,RevT_L,0,3.85,,99,Right,Left,458,726,417,0,,,0.1
12/22/2024 16:22:28,1.16.3,RevT_L,0,3.86,,99,Left,Left,459,726,417,0,,,0.16
12/22/2024 16:22:31,1.16.3,RevT_L,0,3.85,2.0,99,Pellet,Left,459,726,418,0,1.34,839.0,
12/22/2024 16:22:50,1.16.3,RevT_L,0,3.85,,99,Left,Left,460,726,418,0,,,0.19
12/22/2024 16:22:51,1.16.3,RevT_L,0,3.85,1.0,99,Pellet,Left,460,726,419,0,0.42,20.0,
12/22/2024 16:23:06,1.16.3,RevT_L,0,3.85,,99,Left,Left,461,726,419,0,,,0.02
12/22/2024 16:23:07,1.16.3,RevT_L,0,3.85,1.0,99,Pellet,Left,461,726,420,0,0.55,16.0,
12/22/2024 16:23:20,1.16.3,RevT_L,0,3.85,,99,Left,Left,462,726,420,0,,,0.02
12/22/2024 16:23:22,1.16.3,RevT_L,0,3.85,2.0,99,Pellet,Left,462,726,421,0,0.85,15.0,
12/22/2024 16:23:43,1.16.3,RevT_L,0,3.85,,99,Right,Left,462,727,421,0,,,0.15
12/22/2024 16:23:45,1.16.3,RevT_L,0,3.85,,99,Left,Left,463,727,421,0,,,0.06
12/22/2024 16:23:57,1.16.3,RevT_L,0,3.85,1.0,99,Pellet,Left,463,727,422,0,11.49,35.0,
12/22/2024 16:24:39,1.16.3,RevT_L,0,3.85,,99,Left,Left,464,727,422,0,,,0.06
12/22/2024 16:24:41,1.16.3,RevT_L,0,3.85,1.0,99,Pellet,Left,464,727,423,0,1.28,44.0,
12/22/2024 16:25:03,1.16.3,RevT_L,0,3.85,,99,Left,Left,465,727,423,0,,,0.09
12/22/2024 16:28:21,1.16.3,RevT_L,0,3.85,,99,RightWithPellet,Left,465,728,423,0,,,0.07
12/22/2024 16:29:29,1.16.3,RevT_L,0,3.85,,99,RightWithPellet,Left,465,729,423,0,,,0.17
12/22/2024 16:32:49,1.16.3,RevT_L,0,3.85,2.0,99,Pellet,Left,465,729,424,0,Timed_out,488.0,
12/22/2024 16:35:43,1.16.3,RevT_L,0,3.85,,99,Left,Left,466,729,424,0,,,0.07
12/22/2024 16:37:28,1.16.3,RevT_L,0,3.85,2.0,99,Pellet,Left,466,729,425,0,Timed_out,279.0,
12/22/2024 16:37:58,1.16.3,RevT_L,0,3.85,,99,Left,Right,467,729,425,0,,,0.0
12/22/2024 16:40:03,1.16.3,RevT_L,0,3.85,,99,Right,Right,467,730,425,0,,,0.05
12/22/2024 16:40:28,1.16.3,RevT_L,0,3.85,3.0,99,Pellet,Right,467,730,426,0,21.35,180.0,
12/22/2024 16:41:38,1.16.3,RevT_L,0,3.85,,99,Right,Right,467,731,426,0,,,0.31
12/22/2024 16:41:40,1.16.3,RevT_L,0,3.85,,99,RightWithPellet,Right,467,732,426,0,,,0.06
12/22/2024 16:44:05,1.16.3,RevT_L,0,3.85,2.0,99,Pellet,Right,467,732,427,0,Timed_out,217.0,
12/22/2024 16:53:28,1.16.3,RevT_L,0,3.85,,99,Right,Right,467,733,427,0,,,0.19
12/22/2024 16:54:20,1.16.3,RevT_L,0,3.85,2.0,99,Pellet,Right,467,733,428,0,51.17,615.0,
12/22/2024 16:54:43,1.16.3,RevT_L,0,3.85,,99,Right,Right,467,734,428,0,,,0.1
12/22/2024 16:54:45,1.16.3,RevT_L,0,3.85,2.0,99,Pellet,Right,467,734,429,0,0.85,24.0,
12/22/2024 16:56:01,1.16.3,RevT_L,0,3.85,,99,Left,Right,468,734,429,0,,,0.24
12/22/2024 16:56:02,1.16.3,RevT_L,0,3.85,,99,Left,Right,469,734,429,0,,,0.11
12/22/2024 16:56:11,1.16.3,RevT_L,0,3.85,,99,Left,Right,470,734,429,0,,,0.14
12/22/2024 16:56:46,1.16.3,RevT_L,0,3.85,,99,Right,Right,470,735,429,0,,,0.12
12/22/2024 16:56:48,1.16.3,RevT_L,0,3.85,2.0,99,Pellet,Right,470,735,430,0,0.79,124.0,
12/22/2024 16:57:07,1.16.3,RevT_L,0,3.85,,99,Left,Right,471,735,430,0,,,0.06
12/22/2024 16:57:13,1.16.3,RevT_L,0,3.85,,99,Right,Right,471,736,430,0,,,0.13
12/22/2024 16:57:20,1.16.3,RevT_L,0,3.85,,99,LeftWithPellet,Right,472,736,430,0,,,0.0
12/22/2024 16:57:21,1.16.3,RevT_L,0,3.85,,99,LeftWithPellet,Right,473,736,430,0,,,0.2
12/22/2024 16:57:22,1.16.3,RevT_L,0,3.85,,99,LeftWithPellet,Right,474,736,430,0,,,0.19
12/22/2024 16:57:44,1.16.3,RevT_L,0,3.85,2.0,99,Pellet,Right,474,736,431,0,30.39,56.0,
12/22/2024 17:27:32,1.16.3,RevT_L,0,3.85,,99,Left,Right,475,736,431,0,,,0.02
12/22/2024 17:27:33,1.16.3,RevT_L,0,3.85,,99,Right,Right,475,737,431,0,,,0.06
12/22/2024 17:27:34,1.16.3,RevT_L,0,3.85,1.0,99,Pellet,Right,475,737,432,0,0.42,1790.0,
12/22/2024 17:28:11,1.16.3,RevT_L,0,3.85,,99,Left,Right,476,737,432,0,,,0.13
12/22/2024 17:31:08,1.16.3,RevT_L,0,3.85,,99,Right,Right,476,738,432,0,,,0.04
12/22/2024 17:31:10,1.16.3,RevT_L,0,3.85,1.0,99,Pellet,Right,476,738,433,0,2.14,216.0,
12/22/2024 17:45:49,1.16.3,RevT_L,0,3.85,,99,Left,Right,477,738,433,0,,,0.1
12/22/2024 17:45:51,1.16.3,RevT_L,0,3.85,,99,Left,Right,478,738,433,0,,,0.23
12/22/2024 17:45:52,1.16.3,RevT_L,0,3.85,,99,Right,Right,478,739,433,0,,,0.14
12/22/2024 17:45:53,1.16.3,RevT_L,0,3.85,2.0,99,Pellet,Right,478,739,434,0,0.06,883.0,
12/22/2024 17:46:13,1.16.3,RevT_L,0,3.85,,99,Right,Right,478,740,434,0,,,0.07
12/22/2024 17:46:16,1.16.3,RevT_L,0,3.85,2.0,99,Pellet,Right,478,740,435,0,0.24,23.0,
12/22/2024 17:46:34,1.16.3,RevT_L,0,3.85,,99,Right,Right,478,741,435,0,,,0.17
12/22/2024 17:46:35,1.16.3,RevT_L,0,3.85,1.0,99,Pellet,Right,478,741,436,0,0.36,19.0,
12/22/2024 17:46:54,1.16.3,RevT_L,0,3.85,,99,Right,Right,478,742,436,0,,,0.0
12/22/2024 17:46:55,1.16.3,RevT_L,0,3.85,1.0,99,Pellet,Right,478,742,437,0,0.42,20.0,
12/22/2024 17:47:08,1.16.3,RevT_L,0,3.85,,99,Right,Right,478,743,437,0,,,0.02
12/22/2024 17:47:09,1.16.3,RevT_L,0,3.85,1.0,99,Pellet,Right,478,743,438,0,0.61,14.0,
12/22/2024 17:47:43,1.16.3,RevT_L,0,3.85,,99,Right,Right,478,744,438,0,,,0.21
12/22/2024 17:47:45,1.16.3,RevT_L,0,3.85,1.0,99,Pellet,Right,478,744,439,0,0.67,36.0,
12/22/2024 17:48:00,1.16.3,RevT_L,0,3.85,,99,Right,Right,478,745,439,0,,,0.11
12/22/2024 17:48:02,1.16.3,RevT_L,0,3.85,1.0,99,Pellet,Right,478,745,440,0,0.49,17.0,
12/22/2024 17:48:16,1.16.3,RevT_L,0,3.85,,99,Right,Right,478,746,440,0,,,0.09
12/22/2024 17:48:17,1.16.3,RevT_L,0,3.85,1.0,99,Pellet,Right,478,746,441,0,0.73,15.0,
12/22/2024 17:48:40,1.16.3,RevT_L,0,3.85,,99,Right,Right,478,747,441,0,,,0.16
12/22/2024 17:48:42,1.16.3,RevT_L,0,3.85,1.0,99,Pellet,Right,478,747,442,0,0.36,24.0,
12/22/2024 17:54:25,1.16.3,RevT_L,0,3.85,,99,Right,Right,478,748,442,0,,,0.06
12/22/2024 17:54:34,1.16.3,RevT_L,0,3.85,1.0,99,Pellet,Right,478,748,443,0,7.73,353.0,
12/22/2024 17:58:36,1.16.3,RevT_L,0,3.85,,99,Right,Right,478,749,443,0,,,0.01
12/22/2024 18:17:01,1.16.3,RevT_L,0,3.85,1.0,99,Pellet,Right,478,749,444,0,Timed_out,1347.0,
12/22/2024 19:09:37,1.16.3,RevT_L,0,3.85,,99,Left,Right,479,749,444,0,,,0.44
12/22/2024 19:09:41,1.16.3,RevT_L,0,3.85,,99,Right,Right,479,750,444,0,,,0.4
12/22/2024 19:10:02,1.16.3,RevT_L,0,3.85,1.0,99,Pellet,Right,479,750,445,0,20.85,3181.0,
12/22/2024 19:10:31,1.16.3,RevT_L,0,3.85,,99,Right,Right,479,751,445,0,,,0.15
12/22/2024 19:10:33,1.16.3,RevT_L,0,3.85,1.0,99,Pellet,Right,479,751,446,0,0.61,30.0,
12/22/2024 19:10:52,1.16.3,RevT_L,0,3.85,,99,Right,Right,479,752,446,0,,,0.24
12/22/2024 19:10:53,1.16.3,RevT_L,0,3.84,1.0,99,Pellet,Right,479,752,447,0,0.48,21.0,
12/22/2024 19:11:25,1.16.3,RevT_L,0,3.85,,99,Right,Right,479,753,447,0,,,0.2
12/22/2024 19:11:26,1.16.3,RevT_L,0,3.85,1.0,99,Pellet,Right,479,753,448,0,0.42,33.0,
12/22/2024 19:11:44,1.16.3,RevT_L,0,3.85,,99,Right,Right,479,754,448,0,,,0.12
12/22/2024 19:11:46,1.16.3,RevT_L,0,3.85,1.0,99,Pellet,Right,479,754,449,0,0.67,20.0,
12/22/2024 19:12:02,1.16.3,RevT_L,0,3.85,,99,Left,Right,480,754,449,0,,,0.18
12/22/2024 19:12:06,1.16.3,RevT_L,0,3.85,,99,Right,Right,480,755,449,0,,,0.15
12/22/2024 19:12:44,1.16.3,RevT_L,0,3.85,1.0,99,Pellet,Right,480,755,450,0,37.21,58.0,
12/22/2024 19:37:03,1.16.3,RevT_L,0,3.85,,99,Right,Left,480,756,450,0,,,0.11
12/22/2024 19:37:04,1.16.3,RevT_L,0,3.85,,99,Left,Left,481,756,450,0,,,0.19
12/22/2024 19:37:05,1.16.3,RevT_L,0,3.85,1.0,99,Pellet,Left,481,756,451,0,0.36,1461.0,
12/22/2024 19:38:19,1.16.3,RevT_L,0,3.85,,99,Right,Left,481,757,451,0,,,0.06
12/22/2024 19:38:46,1.16.3,RevT_L,0,3.84,,99,Left,Left,482,757,451,0,,,0.09
12/22/2024 19:39:00,1.16.3,RevT_L,0,3.85,1.0,99,Pellet,Left,482,757,452,0,13.28,115.0,
12/22/2024 19:43:49,1.16.3,RevT_L,0,3.85,,99,Right,Left,482,758,452,0,,,0.08
12/22/2024 19:49:51,1.16.3,RevT_L,0,3.85,,99,Right,Left,482,759,452,0,,,0.09
12/22/2024 19:55:33,1.16.3,RevT_L,0,3.85,,99,Right,Left,482,760,452,0,,,0.02
12/22/2024 19:55:48,1.16.3,RevT_L,0,3.85,,99,Right,Left,482,761,452,0,,,0.28
12/22/2024 19:55:51,1.16.3,RevT_L,0,3.85,,99,Right,Left,482,762,452,0,,,0.13
12/22/2024 19:56:46,1.16.3,RevT_L,0,3.85,,99,Left,Left,483,762,452,0,,,0.14
12/22/2024 19:57:42,1.16.3,RevT_L,0,3.85,,99,RightWithPellet,Left,483,763,452,0,,,0.07
12/22/2024 19:58:05,1.16.3,RevT_L,0,3.84,2.0,99,Pellet,Left,483,763,453,0,Timed_out,1145.0,
12/22/2024 20:06:37,1.16.3,RevT_L,0,3.85,,99,Right,Left,483,764,453,0,,,0.13
12/22/2024 20:06:39,1.16.3,RevT_L,0,3.85,,99,Left,Left,484,764,453,0,,,0.12
12/22/2024 20:06:40,1.16.3,RevT_L,0,3.85,2.0,99,Pellet,Left,484,764,454,0,0.12,515.0,
12/22/2024 20:07:02,1.16.3,RevT_L,0,3.84,,99,Right,Left,484,765,454,0,,,0.33
12/22/2024 20:07:03,1.16.3,RevT_L,0,3.85,,99,Right,Left,484,766,454,0,,,0.17
12/22/2024 20:07:04,1.16.3,RevT_L,0,3.85,,99,Right,Left,484,767,454,0,,,0.17
12/22/2024 20:07:05,1.16.3,RevT_L,0,3.85,,99,Left,Left,485,767,454,0,,,0.06
12/22/2024 20:07:06,1.16.3,RevT_L,0,3.84,1.0,99,Pellet,Left,485,767,455,0,0.36,26.0,
12/22/2024 20:07:36,1.16.3,RevT_L,0,3.84,,99,Left,Left,486,767,455,0,,,0.02
12/22/2024 20:07:37,1.16.3,RevT_L,0,3.85,,99,LeftDuringDispense,Left,487,767,455,0,,,0.01
12/22/2024 20:07:40,1.16.3,RevT_L,0,3.84,2.0,99,Pellet,Left,487,767,456,0,0.48,34.0,
12/22/2024 20:07:56,1.16.3,RevT_L,0,3.84,,99,Right,Left,487,768,456,0,,,0.31
12/22/2024 20:08:00,1.16.3,RevT_L,0,3.85,,99,Right,Left,487,769,456,0,,,0.33
12/22/2024 20:08:02,1.16.3,RevT_L,0,3.85,,99,Left,Left,488,769,456,0,,,0.15
12/22/2024 20:08:17,1.16.3,RevT_L,0,3.85,2.0,99,Pellet,Left,488,769,457,0,13.77,37.0,
12/22/2024 20:08:41,1.16.3,RevT_L,0,3.84,,99,Right,Left,488,770,457,0,,,0.23
12/22/2024 20:08:44,1.16.3,RevT_L,0,3.85,,99,Right,Left,488,771,457,0,,,0.7
12/22/2024 20:08:46,1.16.3,RevT_L,0,3.85,,99,Left,Left,489,771,457,0,,,0.09
12/22/2024 20:08:47,1.16.3,RevT_L,0,3.85,1.0,99,Pellet,Left,489,771,458,0,0.24,30.0,
12/22/2024 20:09:42,1.16.3,RevT_L,0,3.84,,99,Left,Left,490,771,458,0,,,0.19
12/22/2024 20:09:43,1.16.3,RevT_L,0,3.85,1.0,99,Pellet,Left,490,771,459,0,0.48,56.0,
12/22/2024 20:10:15,1.16.3,RevT_L,0,3.84,,99,Left,Left,491,771,459,0,,,0.41
12/22/2024 20:10:16,1.16.3,RevT_L,0,3.84,1.0,99,Pellet,Left,491,771,460,0,0.36,33.0,
12/22/2024 21:43:46,1.16.3,RevT_L,0,3.84,,99,Left,Left,492,771,460,0,,,0.27
12/22/2024 21:43:48,1.16.3,RevT_L,0,3.84,1.0,99,Pellet,Left,492,771,461,0,1.22,5612.0,
12/22/2024 21:44:10,1.16.3,RevT_L,0,3.84,,99,Right,Left,492,772,461,0,,,0.17
12/22/2024 21:44:13,1.16.3,RevT_L,0,3.84,,99,Left,Left,493,772,461,0,,,0.15
12/22/2024 21:44:14,1.16.3,RevT_L,0,3.84,1.0,99,Pellet,Left,493,772,462,0,0.61,26.0,
12/22/2024 21:44:29,1.16.3,RevT_L,0,3.84,,99,Right,Left,493,773,462,0,,,0.32
12/22/2024 21:44:31,1.16.3,RevT_L,0,3.84,,99,Right,Left,493,774,462,0,,,0.03
12/22/2024 21:44:32,1.16.3,RevT_L,0,3.84,,99,Right,Left,493,775,462,0,,,0.13
12/22/2024 21:44:33,1.16.3,RevT_L,0,3.85,,99,Right,Left,493,776,462,0,,,0.21
12/22/2024 21:44:35,1.16.3,RevT_L,0,3.84,,99,Right,Left,493,777,462,0,,,0.3
12/22/2024 21:44:40,1.16.3,RevT_L,0,3.84,,99,Left,Left,494,777,462,0,,,0.25
12/22/2024 21:44:42,1.16.3,RevT_L,0,3.84,2.0,99,Pellet,Left,494,777,463,0,0.30,28.0,
12/22/2024 21:45:05,1.16.3,RevT_L,0,3.84,,99,Right,Left,494,778,463,0,,,0.24
12/22/2024 21:45:06,1.16.3,RevT_L,0,3.84,,99,Right,Left,494,779,463,0,,,0.11
12/22/2024 21:45:09,1.16.3,RevT_L,0,3.85,,99,Left,Left,495,779,463,0,,,0.3
12/22/2024 21:45:10,1.16.3,RevT_L,0,3.85,1.0,99,Pellet,Left,495,779,464,0,0.36,28.0,
12/22/2024 21:55:53,1.16.3,RevT_L,0,3.84,,99,Right,Left,495,780,464,0,,,0.2
12/22/2024 21:59:21,1.16.3,RevT_L,0,3.84,,99,Left,Left,496,780,464,0,,,0.22
12/22/2024 21:59:23,1.16.3,RevT_L,0,3.85,1.0,99,Pellet,Left,496,780,465,0,0.79,853.0,
12/22/2024 21:59:58,1.16.3,RevT_L,0,3.84,,99,Right,Left,496,781,465,0,,,0.15
12/22/2024 22:00:01,1.16.3,RevT_L,0,3.84,,99,Right,Left,496,782,465,0,,,0.03
12/22/2024 22:00:04,1.16.3,RevT_L,0,3.84,,99,Right,Left,496,783,465,0,,,0.24
12/22/2024 22:00:06,1.16.3,RevT_L,0,3.84,,99,Left,Left,497,783,465,0,,,0.16
12/22/2024 22:00:08,1.16.3,RevT_L,0,3.84,2.0,99,Pellet,Left,497,783,466,0,0.30,45.0,
12/22/2024 22:00:37,1.16.3,RevT_L,0,3.84,,99,Left,Left,498,783,466,0,,,0.03
12/22/2024 22:00:38,1.16.3,RevT_L,0,3.84,1.0,99,Pellet,Left,498,783,467,0,0.24,30.0,
12/22/2024 22:01:07,1.16.3,RevT_L,0,3.84,,99,Right,Left,498,784,467,0,,,0.08
12/22/2024 22:16:15,1.16.3,RevT_L,0,3.84,,99,Left,Left,499,784,467,0,,,0.08
12/22/2024 22:16:16,1.16.3,RevT_L,0,3.85,1.0,99,Pellet,Left,499,784,468,0,0.67,938.0,
12/22/2024 22:16:39,1.16.3,RevT_L,0,3.84,,99,Right,Left,499,785,468,0,,,0.33
12/22/2024 22:16:42,1.16.3,RevT_L,0,3.84,,99,Right,Left,499,786,468,0,,,0.41
12/22/2024 22:16:43,1.16.3,RevT_L,0,3.83,,99,Right,Left,499,787,468,0,,,0.18
12/22/2024 22:16:45,1.16.3,RevT_L,0,3.84,,99,Left,Left,500,787,468,0,,,0.06
12/22/2024 22:16:46,1.16.3,RevT_L,0,3.84,2.0,99,Pellet,Left,500,787,469,0,0.12,30.0,
12/22/2024 22:17:12,1.16.3,RevT_L,0,3.84,,99,Right,Left,500,788,469,0,,,0.23
12/22/2024 22:17:18,1.16.3,RevT_L,0,3.84,,99,Left,Left,501,788,469,0,,,0.06
12/22/2024 22:17:19,1.16.3,RevT_L,0,3.85,1.0,99,Pellet,Left,501,788,470,0,0.61,33.0,
12/22/2024 23:26:32,1.16.3,RevT_L,0,3.84,,99,Right,Left,501,789,470,0,,,0.16
12/22/2024 23:53:03,1.16.3,RevT_L,0,3.83,,99,Right,Left,501,790,470,0,,,0.52
12/22/2024 23:53:04,1.16.3,RevT_L,0,3.84,,99,Right,Left,501,791,470,0,,,0.18
12/22/2024 23:53:11,1.16.3,RevT_L,0,3.84,,99,Left,Left,502,791,470,0,,,0.17
12/22/2024 23:53:12,1.16.3,RevT_L,0,3.83,1.0,99,Pellet,Left,502,791,471,0,0.42,5753.0,
12/22/2024 23:53:38,1.16.3,RevT_L,0,3.83,,99,Left,Left,503,791,471,0,,,0.24
12/22/2024 23:53:39,1.16.3,RevT_L,0,3.84,2.0,99,Pellet,Left,503,791,472,0,0.12,27.0,
12/22/2024 23:53:59,1.16.3,RevT_L,0,3.83,,99,Right,Left,503,792,472,0,,,0.27
12/22/2024 23:54:00,1.16.3,RevT_L,0,3.84,,99,Left,Left,504,792,472,0,,,0.02
12/22/2024 23:54:01,1.16.3,RevT_L,0,3.84,1.0,99,Pellet,Left,504,792,473,0,0.91,22.0,
12/22/2024 23:54:23,1.16.3,RevT_L,0,3.83,,99,Left,Left,505,792,473,0,,,0.18
12/22/2024 23:54:24,1.16.3,RevT_L,0,3.84,1.0,99,Pellet,Left,505,792,474,0,0.30,23.0,
12/22/2024 23:54:44,1.16.3,RevT_L,0,3.83,,99,Right,Left,505,793,474,0,,,0.03
12/22/2024 23:54:47,1.16.3,RevT_L,0,3.83,,99,Right,Left,505,794,474,0,,,0.19
12/22/2024 23:54:51,1.16.3,RevT_L,0,3.83,,99,Left,Left,506,794,474,0,,,0.17
12/22/2024 23:54:52,1.16.3,RevT_L,0,3.83,1.0,99,Pellet,Left,506,794,475,0,0.24,28.0,
12/22/2024 23:55:11,1.16.3,RevT_L,0,3.84,,99,Right,Right,506,795,475,0,,,0.09
12/22/2024 23:55:17,1.16.3,RevT_L,0,3.83,3.0,99,Pellet,Right,506,795,476,0,0.98,25.0,
12/22/2024 23:55:53,1.16.3,RevT_L,0,3.83,,99,Left,Right,507,795,476,0,,,0.07
12/22/2024 23:55:54,1.16.3,RevT_L,0,3.84,,99,Left,Right,508,795,476,0,,,0.59
12/22/2024 23:55:56,1.16.3,RevT_L,0,3.83,,99,Left,Right,509,795,476,0,,,0.23
12/22/2024 23:55:58,1.16.3,RevT_L,0,3.83,,99,Left,Right,510,795,476,0,,,0.17
12/22/2024 23:56:21,1.16.3,RevT_L,0,3.83,,99,Right,Right,510,796,476,0,,,0.12
12/22/2024 23:56:23,1.16.3,RevT_L,0,3.83,1.0,99,Pellet,Right,510,796,477,0,0.98,66.0,
12/23/2024 0:12:28,1.16.3,RevT_L,0,3.83,,99,Right,Right,510,797,477,0,,,0.04
12/23/2024 0:12:30,1.16.3,RevT_L,0,3.83,1.0,99,Pellet,Right,510,797,478,0,1.34,967.0,
12/23/2024 0:12:48,1.16.3,RevT_L,0,3.83,,99,Right,Right,510,798,478,0,,,0.29
12/23/2024 0:12:49,1.16.3,RevT_L,0,3.83,1.0,99,Pellet,Right,510,798,479,0,0.61,19.0,
12/23/2024 0:13:07,1.16.3,RevT_L,0,3.83,,99,Right,Right,510,799,479,0,,,0.25
12/23/2024 0:13:08,1.16.3,RevT_L,0,3.83,1.0,99,Pellet,Right,510,799,480,0,0.61,19.0,
12/23/2024 0:13:27,1.16.3,RevT_L,0,3.84,,99,Left,Right,511,799,480,0,,,0.15
12/23/2024 0:13:29,1.16.3,RevT_L,0,3.83,,99,Left,Right,512,799,480,0,,,0.12
12/23/2024 0:13:30,1.16.3,RevT_L,0,3.84,,99,Right,Right,512,800,480,0,,,0.3
12/23/2024 0:13:44,1.16.3,RevT_L,0,3.83,2.0,99,Pellet,Right,512,800,481,0,12.59,36.0,
12/23/2024 0:14:17,1.16.3,RevT_L,0,3.84,,99,Right,Right,512,801,481,0,,,0.2
12/23/2024 0:14:19,1.16.3,RevT_L,0,3.84,1.0,99,Pellet,Right,512,801,482,0,0.24,34.0,
12/23/2024 2:19:12,1.16.3,RevT_L,0,3.83,,99,Right,Right,512,802,482,0,,,0.22
12/23/2024 2:19:15,1.16.3,RevT_L,0,3.83,,99,LeftWithPellet,Right,513,802,482,0,,,0.12
12/23/2024 2:19:52,1.16.3,RevT_L,0,3.83,,99,RightWithPellet,Right,513,803,482,0,,,0.31
12/23/2024 2:19:54,1.16.3,RevT_L,0,3.83,1.0,99,Pellet,Right,513,803,483,0,41.25,7536.0,
12/23/2024 2:20:33,1.16.3,RevT_L,0,3.83,,99,Right,Right,513,804,483,0,,,0.47
12/23/2024 2:20:34,1.16.3,RevT_L,0,3.83,1.0,99,Pellet,Right,513,804,484,0,0.42,40.0,
12/23/2024 2:20:59,1.16.3,RevT_L,0,3.83,,99,Right,Right,513,805,484,0,,,0.0
12/23/2024 2:21:00,1.16.3,RevT_L,0,3.83,1.0,99,Pellet,Right,513,805,485,0,0.30,26.0,
12/23/2024 2:21:15,1.16.3,RevT_L,0,3.83,,99,Right,Right,513,806,485,0,,,0.22
12/23/2024 2:21:17,1.16.3,RevT_L,0,3.83,1.0,99,Pellet,Right,513,806,486,0,0.98,17.0,
12/23/2024 2:21:37,1.16.3,RevT_L,0,3.83,,99,Right,Right,513,807,486,0,,,0.14
12/23/2024 2:21:38,1.16.3,RevT_L,0,3.83,1.0,99,Pellet,Right,513,807,487,0,0.55,21.0,
12/23/2024 2:21:55,1.16.3,RevT_L,0,3.83,,99,Right,Right,513,808,487,0,,,0.06
12/23/2024 2:21:56,1.16.3,RevT_L,0,3.83,1.0,99,Pellet,Right,513,808,488,0,0.85,18.0,
12/23/2024 2:22:15,1.16.3,RevT_L,0,3.83,,99,Right,Right,513,809,488,0,,,0.18
12/23/2024 2:22:16,1.16.3,RevT_L,0,3.83,1.0,99,Pellet,Right,513,809,489,0,0.67,20.0,
12/23/2024 2:22:38,1.16.3,RevT_L,0,3.83,,99,Right,Right,513,810,489,0,,,0.18
12/23/2024 2:22:39,1.16.3,RevT_L,0,3.83,1.0,99,Pellet,Right,513,810,490,0,0.42,23.0,
12/23/2024 2:22:56,1.16.3,RevT_L,0,3.83,,99,Right,Right,513,811,490,0,,,0.15
12/23/2024 2:22:58,1.16.3,RevT_L,0,3.83,1.0,99,Pellet,Right,513,811,491,0,1.46,19.0,
12/23/2024 2:23:19,1.16.3,RevT_L,0,3.83,,99,Right,Right,513,812,491,0,,,0.22
12/23/2024 2:23:20,1.16.3,RevT_L,0,3.83,1.0,99,Pellet,Right,513,812,492,0,0.67,22.0,
12/23/2024 2:29:12,1.16.3,RevT_L,0,3.83,,99,Right,Right,513,813,492,0,,,0.02
12/23/2024 2:31:45,1.16.3,RevT_L,0,3.83,,99,RightWithPellet,Right,513,814,492,0,,,0.0
12/23/2024 2:33:37,1.16.3,RevT_L,0,3.83,1.0,99,Pellet,Right,513,814,493,0,Timed_out,617.0,
12/23/2024 2:45:57,1.16.3,RevT_L,0,3.83,,99,Right,Right,513,815,493,0,,,0.21
12/23/2024 2:45:58,1.16.3,RevT_L,0,3.83,1.0,99,Pellet,Right,513,815,494,0,0.49,741.0,
12/23/2024 3:37:23,1.16.3,RevT_L,0,3.83,,99,Right,Right,513,816,494,0,,,0.0
12/23/2024 3:37:25,1.16.3,RevT_L,0,3.83,1.0,99,Pellet,Right,513,816,495,0,0.91,3087.0,
12/23/2024 3:37:55,1.16.3,RevT_L,0,3.83,,99,Right,Right,513,817,495,0,,,0.32
12/23/2024 3:37:56,1.16.3,RevT_L,0,3.83,1.0,99,Pellet,Right,513,817,496,0,0.42,31.0,
12/23/2024 3:38:11,1.16.3,RevT_L,0,3.83,,99,Right,Right,513,818,496,0,,,0.06
12/23/2024 3:38:13,1.16.3,RevT_L,0,3.83,1.0,99,Pellet,Right,513,818,497,0,0.61,17.0,
12/23/2024 3:38:31,1.16.3,RevT_L,0,3.83,,99,Right,Right,513,819,497,0,,,0.13
12/23/2024 3:38:32,1.16.3,RevT_L,0,3.83,1.0,99,Pellet,Right,513,819,498,0,0.24,19.0,
12/23/2024 3:38:46,1.16.3,RevT_L,0,3.83,,99,Right,Right,513,820,498,0,,,0.01
12/23/2024 3:38:47,1.16.3,RevT_L,0,3.83,1.0,99,Pellet,Right,513,820,499,0,0.42,15.0,
12/23/2024 3:39:15,1.16.3,RevT_L,0,3.83,,99,Right,Right,513,821,499,0,,,0.07
12/23/2024 3:39:16,1.16.3,RevT_L,0,3.83,1.0,99,Pellet,Right,513,821,500,0,0.36,29.0,
12/23/2024 3:39:39,1.16.3,RevT_L,0,3.83,,99,Right,Left,513,822,500,0,,,0.15
12/23/2024 3:39:41,1.16.3,RevT_L,0,3.83,,99,Right,Left,513,823,500,0,,,0.27
12/23/2024 3:39:45,1.16.3,RevT_L,0,3.83,,99,Left,Left,514,823,500,0,,,0.16
12/23/2024 3:39:47,1.16.3,RevT_L,0,3.83,2.0,99,Pellet,Left,514,823,501,0,0.18,31.0,
12/23/2024 3:40:07,1.16.3,RevT_L,0,3.83,,99,Right,Left,514,824,501,0,,,0.1
12/23/2024 5:29:02,1.16.3,RevT_L,0,3.82,,99,Right,Left,514,825,501,0,,,0.17
12/23/2024 5:29:03,1.16.3,RevT_L,0,3.83,,99,Left,Left,515,825,501,0,,,0.09
12/23/2024 5:29:05,1.16.3,RevT_L,0,3.82,2.0,99,Pellet,Left,515,825,502,0,0.30,6558.0,
12/23/2024 5:29:28,1.16.3,RevT_L,0,3.83,,99,Right,Left,515,826,502,0,,,0.16
12/23/2024 5:29:30,1.16.3,RevT_L,0,3.83,,99,Left,Left,516,826,502,0,,,0.21
12/23/2024 5:29:32,1.16.3,RevT_L,0,3.83,1.0,99,Pellet,Left,516,826,503,0,2.20,27.0,
12/23/2024 5:29:51,1.16.3,RevT_L,0,3.83,,99,Right,Left,516,827,503,0,,,0.19
12/23/2024 5:29:53,1.16.3,RevT_L,0,3.83,,99,Right,Left,516,828,503,0,,,0.25
12/23/2024 5:30:05,1.16.3,RevT_L,0,3.83,,99,Right,Left,516,829,503,0,,,0.0
12/23/2024 5:30:06,1.16.3,RevT_L,0,3.83,,99,Left,Left,517,829,503,0,,,0.05
12/23/2024 5:30:08,1.16.3,RevT_L,0,3.83,1.0,99,Pellet,Left,517,829,504,0,0.42,36.0,
12/23/2024 5:30:28,1.16.3,RevT_L,0,3.83,,99,Left,Left,518,829,504,0,,,0.29
12/23/2024 5:30:30,1.16.3,RevT_L,0,3.83,1.0,99,Pellet,Left,518,829,505,0,1.40,22.0,
12/23/2024 5:30:49,1.16.3,RevT_L,0,3.82,,99,Right,Left,518,830,505,0,,,0.08
12/23/2024 5:30:51,1.16.3,RevT_L,0,3.82,,99,Left,Left,519,830,505,0,,,0.03
12/23/2024 5:30:53,1.16.3,RevT_L,0,3.83,1.0,99,Pellet,Left,519,830,506,0,0.79,23.0,
12/23/2024 5:31:15,1.16.3,RevT_L,0,3.83,,99,Left,Left,520,830,506,0,,,0.06
12/23/2024 5:31:16,1.16.3,RevT_L,0,3.82,1.0,99,Pellet,Left,520,830,507,0,0.73,23.0,
12/23/2024 5:31:37,1.16.3,RevT_L,0,3.83,,99,Right,Left,520,831,507,0,,,0.31
12/23/2024 5:31:39,1.16.3,RevT_L,0,3.83,,99,Right,Left,520,832,507,0,,,0.35
12/23/2024 5:31:41,1.16.3,RevT_L,0,3.82,,99,Right,Left,520,833,507,0,,,0.28
12/23/2024 5:31:44,1.16.3,RevT_L,0,3.83,,99,Left,Left,521,833,507,0,,,0.1
12/23/2024 5:31:46,1.16.3,RevT_L,0,3.82,2.0,99,Pellet,Left,521,833,508,0,0.36,30.0,
12/23/2024 5:32:07,1.16.3,RevT_L,0,3.83,,99,Left,Left,522,833,508,0,,,0.08
12/23/2024 5:32:08,1.16.3,RevT_L,0,3.82,1.0,99,Pellet,Left,522,833,509,0,0.55,22.0,
12/23/2024 5:32:21,1.16.3,RevT_L,0,3.83,,99,Right,Left,522,834,509,0,,,0.0
12/23/2024 5:32:24,1.16.3,RevT_L,0,3.83,,99,Left,Left,523,834,509,0,,,0.07
12/23/2024 5:32:25,1.16.3,RevT_L,0,3.82,1.0,99,Pellet,Left,523,834,510,0,0.61,17.0,
12/23/2024 5:32:44,1.16.3,RevT_L,0,3.83,,99,Left,Left,524,834,510,0,,,0.12
12/23/2024 5:32:46,1.16.3,RevT_L,0,3.83,1.0,99,Pellet,Left,524,834,511,0,0.61,21.0,
12/23/2024 5:33:11,1.16.3,RevT_L,0,3.82,,99,Left,Left,525,834,511,0,,,0.15
12/23/2024 5:33:12,1.16.3,RevT_L,0,3.82,1.0,99,Pellet,Left,525,834,512,0,0.79,26.0,
12/23/2024 5:50:51,1.16.3,RevT_L,0,3.82,,99,Left,Left,526,834,512,0,,,0.17
12/23/2024 5:52:09,1.16.3,RevT_L,0,3.83,,99,RightWithPellet,Left,526,835,512,0,,,0.16
12/23/2024 6:50:07,1.16.3,RevT_L,0,3.82,,99,RightWithPellet,Left,526,836,512,0,,,0.06
12/23/2024 6:56:44,1.16.3,RevT_L,0,3.82,,99,RightWithPellet,Left,526,837,512,0,,,0.07
12/23/2024 7:05:55,1.16.3,RevT_L,0,3.82,,99,LeftWithPellet,Left,527,837,512,0,,,0.16
12/23/2024 7:06:09,1.16.3,RevT_L,0,3.82,,99,RightWithPellet,Left,527,838,512,0,,,0.38
12/23/2024 7:07:33,1.16.3,RevT_L,0,3.82,,99,RightWithPellet,Left,527,839,512,0,,,0.06
12/23/2024 7:11:58,1.16.3,RevT_L,0,3.82,,99,RightWithPellet,Left,527,840,512,0,,,0.09
12/23/2024 7:15:23,1.16.3,RevT_L,0,3.83,,99,LeftWithPellet,Left,528,840,512,0,,,0.07
12/23/2024 7:18:11,1.16.3,RevT_L,0,3.82,,99,LeftWithPellet,Left,529,840,512,0,,,0.05
12/23/2024 7:20:01,1.16.3,RevT_L,0,3.82,1.0,99,Pellet,Left,529,840,513,0,Timed_out,6409.0,
12/23/2024 7:21:58,1.16.3,RevT_L,0,3.82,,99,Left,Left,530,840,513,0,,,0.41
12/23/2024 7:22:05,1.16.3,RevT_L,0,3.82,2.0,99,Pellet,Left,530,840,514,0,6.50,124.0,
12/23/2024 7:25:40,1.16.3,RevT_L,0,3.82,,99,Right,Left,530,841,514,0,,,0.38
12/23/2024 7:27:51,1.16.3,RevT_L,0,3.82,,99,Right,Left,530,842,514,0,,,0.3
12/23/2024 7:28:06,1.16.3,RevT_L,0,3.82,,99,Left,Left,531,842,514,0,,,0.3
12/23/2024 7:28:07,1.16.3,RevT_L,0,3.82,1.0,99,Pellet,Left,531,842,515,0,1.22,362.0,
12/23/2024 7:28:31,1.16.3,RevT_L,0,3.82,,99,Left,Left,532,842,515,0,,,0.09
12/23/2024 7:28:32,1.16.3,RevT_L,0,3.82,2.0,99,Pellet,Left,532,842,516,0,0.36,25.0,
12/23/2024 7:28:53,1.16.3,RevT_L,0,3.82,,99,Right,Left,532,843,516,0,,,0.02
12/23/2024 7:28:55,1.16.3,RevT_L,0,3.83,,99,Right,Left,532,844,516,0,,,0.2
12/23/2024 7:28:57,1.16.3,RevT_L,0,3.82,,99,Left,Left,533,844,516,0,,,0.09
12/23/2024 7:28:58,1.16.3,RevT_L,0,3.82,1.0,99,Pellet,Left,533,844,517,0,0.42,26.0,
12/23/2024 7:29:34,1.16.3,RevT_L,0,3.83,,99,Left,Left,534,844,517,0,,,0.09
12/23/2024 7:29:44,1.16.3,RevT_L,0,3.82,,99,RightWithPellet,Left,534,845,517,0,,,0.02
12/23/2024 7:34:54,1.16.3,RevT_L,0,3.82,,99,RightWithPellet,Left,534,846,517,0,,,0.26
12/23/2024 7:38:35,1.16.3,RevT_L,0,3.82,,99,RightWithPellet,Left,534,847,517,0,,,0.13
12/23/2024 7:39:17,1.16.3,RevT_L,0,3.82,2.0,99,Pellet,Left,534,847,518,0,Timed_out,619.0,
12/23/2024 7:44:56,1.16.3,RevT_L,0,3.82,,99,Left,Left,535,847,518,0,,,0.06
12/23/2024 7:48:17,1.16.3,RevT_L,0,3.83,,99,RightWithPellet,Left,535,848,518,0,,,0.07
12/23/2024 7:48:24,1.16.3,RevT_L,0,3.82,1.0,99,Pellet,Left,535,848,519,0,Timed_out,547.0,
12/23/2024 7:49:03,1.16.3,RevT_L,0,3.82,,99,Right,Left,535,849,519,0,,,0.11
12/23/2024 7:49:05,1.16.3,RevT_L,0,3.82,,99,Right,Left,535,850,519,0,,,0.24
12/23/2024 7:49:08,1.16.3,RevT_L,0,3.82,,99,Left,Left,536,850,519,0,,,0.09
12/23/2024 7:49:09,1.16.3,RevT_L,0,3.82,2.0,99,Pellet,Left,536,850,520,0,0.06,45.0,
12/23/2024 7:49:36,1.16.3,RevT_L,0,3.83,,99,Left,Left,537,850,520,0,,,0.2
12/23/2024 7:49:37,1.16.3,RevT_L,0,3.82,1.0,99,Pellet,Left,537,850,521,0,0.30,28.0,
12/23/2024 7:50:20,1.16.3,RevT_L,0,3.82,,99,Left,Left,538,850,521,0,,,0.12
12/23/2024 7:50:21,1.16.3,RevT_L,0,3.82,1.0,99,Pellet,Left,538,850,522,0,0.67,44.0,
12/23/2024 7:50:39,1.16.3,RevT_L,0,3.82,,99,Left,Left,539,850,522,0,,,0.14
12/23/2024 7:50:40,1.16.3,RevT_L,0,3.82,1.0,99,Pellet,Left,539,850,523,0,0.36,19.0,
12/23/2024 7:58:20,1.16.3,RevT_L,0,3.82,,99,Right,Left,539,851,523,0,,,0.04
12/23/2024 7:59:12,1.16.3,RevT_L,0,3.82,,99,Left,Left,540,851,523,0,,,0.08
12/23/2024 7:59:13,1.16.3,RevT_L,0,3.82,1.0,99,Pellet,Left,540,851,524,0,0.36,513.0,
12/23/2024 8:00:39,1.16.3,RevT_L,0,3.83,,99,Right,Left,540,852,524,0,,,0.06
12/23/2024 8:05:25,1.16.3,RevT_L,0,3.82,,99,Right,Left,540,853,524,0,,,0.05
12/23/2024 8:05:28,1.16.3,RevT_L,0,3.82,,99,Left,Left,541,853,524,0,,,0.09
12/23/2024 8:06:13,1.16.3,RevT_L,0,3.82,1.0,99,Pellet,Left,541,853,525,0,43.65,419.0,
12/23/2024 8:06:51,1.16.3,RevT_L,0,3.82,,99,Right,Right,541,854,525,0,,,0.01
12/23/2024 8:06:52,1.16.3,RevT_L,0,3.82,1.0,99,Pellet,Right,541,854,526,0,0.30,40.0,
12/23/2024 8:21:21,1.16.3,RevT_L,0,3.82,,99,Left,Right,542,854,526,0,,,0.17
12/23/2024 8:21:49,1.16.3,RevT_L,0,3.82,,99,Left,Right,543,854,526,0,,,0.11
12/23/2024 8:21:50,1.16.3,RevT_L,0,3.82,,99,Left,Right,544,854,526,0,,,0.09
12/23/2024 8:21:51,1.16.3,RevT_L,0,3.82,,99,Left,Right,545,854,526,0,,,0.23
12/23/2024 8:21:52,1.16.3,RevT_L,0,3.82,,99,Left,Right,546,854,526,0,,,0.13
12/23/2024 9:27:00,1.16.3,RevT_L,0,3.82,,99,Left,Right,547,854,526,0,,,0.09
12/23/2024 9:27:01,1.16.3,RevT_L,0,3.82,,99,Left,Right,548,854,526,0,,,0.13
12/23/2024 9:27:02,1.16.3,RevT_L,0,3.82,,99,Left,Right,549,854,526,0,,,0.14
12/23/2024 9:27:03,1.16.3,RevT_L,0,3.82,,99,Right,Right,549,855,526,0,,,0.1
12/23/2024 9:27:06,1.16.3,RevT_L,0,3.82,2.0,99,Pellet,Right,549,855,527,0,0.36,4814.0,
12/23/2024 9:27:27,1.16.3,RevT_L,0,3.82,,99,Right,Right,549,856,527,0,,,0.13
12/23/2024 9:27:28,1.16.3,RevT_L,0,3.82,1.0,99,Pellet,Right,549,856,528,0,0.36,22.0,
12/23/2024 9:27:44,1.16.3,RevT_L,0,3.82,,99,Right,Right,549,857,528,0,,,0.2
12/23/2024 9:27:45,1.16.3,RevT_L,0,3.82,1.0,99,Pellet,Right,549,857,529,0,0.42,17.0,
12/23/2024 9:28:03,1.16.3,RevT_L,0,3.82,,99,Right,Right,549,858,529,0,,,0.14
12/23/2024 9:28:05,1.16.3,RevT_L,0,3.82,1.0,99,Pellet,Right,549,858,530,0,0.61,20.0,
12/23/2024 9:28:24,1.16.3,RevT_L,0,3.82,,99,Left,Right,550,858,530,0,,,0.0
12/23/2024 9:28:25,1.16.3,RevT_L,0,3.82,,99,Right,Right,550,859,530,0,,,0.24
12/23/2024 9:28:26,1.16.3,RevT_L,0,3.82,1.0,99,Pellet,Right,550,859,531,0,0.42,21.0,
12/23/2024 9:28:46,1.16.3,RevT_L,0,3.82,,99,Right,Right,550,860,531,0,,,0.43
12/23/2024 9:28:48,1.16.3,RevT_L,0,3.82,1.0,99,Pellet,Right,550,860,532,0,0.67,22.0,
12/23/2024 9:29:04,1.16.3,RevT_L,0,3.82,,99,Right,Right,550,861,532,0,,,0.1
12/23/2024 9:29:05,1.16.3,RevT_L,0,3.82,1.0,99,Pellet,Right,550,861,533,0,0.61,17.0,
12/23/2024 9:29:26,1.16.3,RevT_L,0,3.82,,99,Right,Right,550,862,533,0,,,0.11
12/23/2024 9:29:28,1.16.3,RevT_L,0,3.82,2.0,99,Pellet,Right,550,862,534,0,0.42,23.0,
12/23/2024 9:29:47,1.16.3,RevT_L,0,3.82,,99,Right,Right,550,863,534,0,,,0.08
12/23/2024 9:29:48,1.16.3,RevT_L,0,3.82,1.0,99,Pellet,Right,550,863,535,0,0.73,20.0,
12/23/2024 9:30:09,1.16.3,RevT_L,0,3.82,,99,Left,Right,551,863,535,0,,,0.05
12/23/2024 9:30:49,1.16.3,RevT_L,0,3.82,,99,Right,Right,551,864,535,0,,,0.27
12/23/2024 9:30:51,1.16.3,RevT_L,0,3.82,1.0,99,Pellet,Right,551,864,536,0,0.67,62.0,
12/23/2024 9:31:04,1.16.3,RevT_L,0,3.82,,99,Right,Right,551,865,536,0,,,0.2
12/23/2024 9:47:15,1.16.3,RevT_L,0,3.82,,99,RightWithPellet,Right,551,866,536,0,,,0.16
12/23/2024 9:47:16,1.16.3,RevT_L,0,3.82,,99,RightWithPellet,Right,551,867,536,0,,,0.13
12/23/2024 9:49:52,1.16.3,RevT_L,0,3.82,1.0,99,Pellet,Right,551,867,537,0,Timed_out,1142.0,
12/23/2024 10:31:51,1.16.3,RevT_L,0,3.82,,99,Right,Right,551,868,537,0,,,0.22
12/23/2024 10:31:52,1.16.3,RevT_L,0,3.82,1.0,99,Pellet,Right,551,868,538,0,0.55,2520.0,
12/23/2024 10:32:11,1.16.3,RevT_L,0,3.82,,99,Right,Right,551,869,538,0,,,0.34
12/23/2024 10:32:12,1.16.3,RevT_L,0,3.82,1.0,99,Pellet,Right,551,869,539,0,0.36,20.0,
12/23/2024 10:32:29,1.16.3,RevT_L,0,3.82,,99,Right,Right,551,870,539,0,,,0.21
12/23/2024 10:32:30,1.16.3,RevT_L,0,3.82,1.0,99,Pellet,Right,551,870,540,0,0.49,18.0,
12/23/2024 10:32:56,1.16.3,RevT_L,0,3.82,,99,Right,Right,551,871,540,0,,,0.11
12/23/2024 10:32:57,1.16.3,RevT_L,0,3.82,1.0,99,Pellet,Right,551,871,541,0,0.30,27.0,
12/23/2024 10:33:16,1.16.3,RevT_L,0,3.82,,99,Right,Right,551,872,541,0,,,0.23
12/23/2024 10:33:19,1.16.3,RevT_L,0,3.82,1.0,99,Pellet,Right,551,872,542,0,1.65,21.0,
12/23/2024 10:33:48,1.16.3,RevT_L,0,3.82,,99,Right,Right,551,873,542,0,,,0.19
12/23/2024 10:33:49,1.16.3,RevT_L,0,3.82,1.0,99,Pellet,Right,551,873,543,0,0.36,31.0,
12/23/2024 10:34:07,1.16.3,RevT_L,0,3.82,,99,Right,Right,551,874,543,0,,,0.33
12/23/2024 10:34:09,1.16.3,RevT_L,0,3.82,1.0,99,Pellet,Right,551,874,544,0,0.73,20.0,
12/23/2024 10:34:29,1.16.3,RevT_L,0,3.82,,99,Right,Right,551,875,544,0,,,0.39
12/23/2024 10:34:31,1.16.3,RevT_L,0,3.82,1.0,99,Pellet,Right,551,875,545,0,0.73,22.0,
12/23/2024 10:34:53,1.16.3,RevT_L,0,3.82,,99,Right,Right,551,876,545,0,,,0.28
12/23/2024 10:34:55,1.16.3,RevT_L,0,3.82,1.0,99,Pellet,Right,551,876,546,0,0.98,23.0,
12/23/2024 10:35:10,1.16.3,RevT_L,0,3.82,,99,Right,Right,551,877,546,0,,,0.06
12/23/2024 10:35:11,1.16.3,RevT_L,0,3.82,1.0,99,Pellet,Right,551,877,547,0,0.42,17.0,
12/23/2024 10:35:30,1.16.3,RevT_L,0,3.82,,99,Right,Right,551,878,547,0,,,0.26
12/23/2024 10:35:31,1.16.3,RevT_L,0,3.82,1.0,99,Pellet,Right,551,878,548,0,0.42,20.0,
12/23/2024 10:36:04,1.16.3,RevT_L,0,3.82,,99,Right,Right,551,879,548,0,,,0.28
12/23/2024 10:36:08,1.16.3,RevT_L,0,3.82,2.0,99,Pellet,Right,551,879,549,0,0.73,37.0,
12/23/2024 10:36:26,1.16.3,RevT_L,0,3.82,,99,Right,Right,551,880,549,0,,,0.13
12/23/2024 10:36:27,1.16.3,RevT_L,0,3.82,1.0,99,Pellet,Right,551,880,550,0,0.42,19.0,
12/23/2024 10:36:51,1.16.3,RevT_L,0,3.82,,99,Right,Left,551,881,550,0,,,0.23
12/23/2024 10:36:53,1.16.3,RevT_L,0,3.82,,99,Right,Left,551,882,550,0,,,0.26
12/23/2024 10:36:54,1.16.3,RevT_L,0,3.82,,99,Right,Left,551,883,550,0,,,0.27
12/23/2024 10:36:59,1.16.3,RevT_L,0,3.82,,99,Right,Left,551,884,550,0,,,0.13
12/23/2024 10:37:01,1.16.3,RevT_L,0,3.82,,99,Right,Left,551,885,550,0,,,0.18
12/23/2024 10:56:24,1.16.3,RevT_L,0,3.82,,99,Left,Left,552,885,550,0,,,0.22
12/23/2024 10:56:25,1.16.3,RevT_L,0,3.82,1.0,99,Pellet,Left,552,885,551,0,0.67,1198.0,
12/23/2024 10:56:50,1.16.3,RevT_L,0,3.82,,99,Right,Left,552,886,551,0,,,0.0
12/23/2024 10:56:52,1.16.3,RevT_L,0,3.82,,99,Right,Left,552,887,551,0,,,0.27
12/23/2024 10:56:54,1.16.3,RevT_L,0,3.82,,99,Left,Left,553,887,551,0,,,0.05
12/23/2024 10:56:56,1.16.3,RevT_L,0,3.82,2.0,99,Pellet,Left,553,887,552,0,0.42,31.0,
12/23/2024 10:57:17,1.16.3,RevT_L,0,3.82,,99,Left,Left,554,887,552,0,,,0.06
12/23/2024 10:57:19,1.16.3,RevT_L,0,3.82,1.0,99,Pellet,Left,554,887,553,0,0.49,23.0,
12/23/2024 10:57:35,1.16.3,RevT_L,0,3.82,,99,Left,Left,555,887,553,0,,,0.07
12/23/2024 10:57:37,1.16.3,RevT_L,0,3.82,1.0,99,Pellet,Left,555,887,554,0,0.36,17.0,
12/23/2024 10:57:53,1.16.3,RevT_L,0,3.82,,99,Left,Left,556,887,554,0,,,0.15
12/23/2024 10:57:56,1.16.3,RevT_L,0,3.82,1.0,99,Pellet,Left,556,887,555,0,2.33,20.0,
12/23/2024 11:58:05,1.16.3,RevT_L,0,3.82,,99,Right,Left,556,888,555,0,,,0.21
12/23/2024 11:58:06,1.16.3,RevT_L,0,3.81,,99,Left,Left,557,888,555,0,,,0.05
12/23/2024 11:58:07,1.16.3,RevT_L,0,3.81,1.0,99,Pellet,Left,557,888,556,0,0.61,3611.0,
12/23/2024 11:58:28,1.16.3,RevT_L,0,3.82,,99,Left,Left,558,888,556,0,,,0.06
12/23/2024 11:58:29,1.16.3,RevT_L,0,3.82,,99,LeftDuringDispense,Left,559,888,556,0,,,0.07
12/23/2024 11:58:30,1.16.3,RevT_L,0,3.81,1.0,99,Pellet,Left,559,888,557,0,0.98,23.0,
12/23/2024 11:58:54,1.16.3,RevT_L,0,3.81,,99,Left,Left,560,888,557,0,,,0.13
12/23/2024 11:58:56,1.16.3,RevT_L,0,3.82,2.0,99,Pellet,Left,560,888,558,0,0.55,26.0,
12/23/2024 11:59:14,1.16.3,RevT_L,0,3.81,,99,Right,Left,560,889,558,0,,,0.06
12/23/2024 11:59:16,1.16.3,RevT_L,0,3.82,,99,Right,Left,560,890,558,0,,,0.26
12/23/2024 11:59:18,1.16.3,RevT_L,0,3.81,,99,Right,Left,560,891,558,0,,,0.24
12/23/2024 11:59:20,1.16.3,RevT_L,0,3.82,,99,Right,Left,560,892,558,0,,,0.2
12/23/2024 11:59:22,1.16.3,RevT_L,0,3.81,,99,Right,Left,560,893,558,0,,,0.12
12/23/2024 11:59:23,1.16.3,RevT_L,0,3.82,,99,Left,Left,561,893,558,0,,,0.17
12/23/2024 11:59:25,1.16.3,RevT_L,0,3.81,2.0,99,Pellet,Left,561,893,559,0,0.61,29.0,
12/23/2024 11:59:46,1.16.3,RevT_L,0,3.82,,99,Right,Left,561,894,559,0,,,0.05
12/23/2024 11:59:47,1.16.3,RevT_L,0,3.82,,99,Left,Left,562,894,559,0,,,0.02
12/23/2024 11:59:48,1.16.3,RevT_L,0,3.81,2.0,99,Pellet,Left,562,894,560,0,0.49,23.0,
12/23/2024 12:00:07,1.16.3,RevT_L,0,3.82,,99,Right,Left,562,895,560,0,,,0.17
12/23/2024 12:00:10,1.16.3,RevT_L,0,3.81,,99,Left,Left,563,895,560,0,,,0.11
12/23/2024 12:00:11,1.16.3,RevT_L,0,3.81,1.0,99,Pellet,Left,563,895,561,0,0.30,23.0,
12/23/2024 12:00:29,1.16.3,RevT_L,0,3.82,,99,Right,Left,563,896,561,0,,,0.05
12/23/2024 12:00:32,1.16.3,RevT_L,0,3.82,,99,Left,Left,564,896,561,0,,,0.1
12/23/2024 12:00:49,1.16.3,RevT_L,0,3.82,1.0,99,Pellet,Left,564,896,562,0,15.62,38.0,
12/23/2024 12:01:18,1.16.3,RevT_L,0,3.82,,99,Right,Left,564,897,562,0,,,0.11
12/23/2024 12:01:20,1.16.3,RevT_L,0,3.82,,99,Right,Left,564,898,562,0,,,0.19
12/23/2024 12:01:23,1.16.3,RevT_L,0,3.81,,99,Left,Left,565,898,562,0,,,0.08
12/23/2024 12:01:25,1.16.3,RevT_L,0,3.81,1.0,99,Pellet,Left,565,898,563,0,1.10,36.0,
12/23/2024 12:01:51,1.16.3,RevT_L,0,3.81,,99,Left,Left,566,898,563,0,,,0.1
12/23/2024 12:01:52,1.16.3,RevT_L,0,3.81,1.0,99,Pellet,Left,566,898,564,0,0.36,27.0,
12/23/2024 12:02:22,1.16.3,RevT_L,0,3.82,,99,Right,Left,566,899,564,0,,,0.12
12/23/2024 12:02:25,1.16.3,RevT_L,0,3.82,,99,Left,Left,567,899,564,0,,,0.18
12/23/2024 12:02:26,1.16.3,RevT_L,0,3.81,1.0,99,Pellet,Left,567,899,565,0,0.30,34.0,
12/23/2024 12:08:49,1.16.3,RevT_L,0,3.82,,99,Right,Left,567,900,565,0,,,0.06
12/23/2024 12:08:50,1.16.3,RevT_L,0,3.82,,99,Right,Left,567,901,565,0,,,0.06
12/23/2024 12:08:57,1.16.3,RevT_L,0,3.82,,99,Right,Left,567,902,565,0,,,0.0
12/23/2024 12:25:40,1.16.3,RevT_L,0,3.82,,99,Right,Left,567,903,565,0,,,0.34
12/23/2024 12:27:33,1.16.3,RevT_L,0,3.82,,99,Right,Left,567,904,565,0,,,0.01
12/23/2024 12:31:54,1.16.3,RevT_L,0,3.81,,99,Right,Left,567,905,565,0,,,0.15
12/23/2024 12:31:56,1.16.3,RevT_L,0,3.81,,99,Left,Left,568,905,565,0,,,0.06
12/23/2024 12:32:02,1.16.3,RevT_L,0,3.82,1.0,99,Pellet,Left,568,905,566,0,4.97,1776.0,
12/23/2024 12:40:21,1.16.3,RevT_L,0,3.81,,99,Left,Left,569,905,566,0,,,0.1
12/23/2024 12:40:23,1.16.3,RevT_L,0,3.82,1.0,99,Pellet,Left,569,905,567,0,0.85,501.0,
12/23/2024 12:40:46,1.16.3,RevT_L,0,3.82,,99,Left,Left,570,905,567,0,,,0.08
12/23/2024 12:40:47,1.16.3,RevT_L,0,3.81,2.0,99,Pellet,Left,570,905,568,0,0.36,24.0,
12/23/2024 12:46:57,1.16.3,RevT_L,0,3.82,,99,Left,Left,571,905,568,0,,,0.3
12/23/2024 12:47:13,1.16.3,RevT_L,0,3.82,2.0,99,Pellet,Left,571,905,569,0,13.71,386.0,
12/23/2024 12:48:18,1.16.3,RevT_L,0,3.81,,99,Right,Left,571,906,569,0,,,0.09
12/23/2024 12:50:10,1.16.3,RevT_L,0,3.82,,99,Left,Left,572,906,569,0,,,0.04
12/23/2024 12:50:12,1.16.3,RevT_L,0,3.81,1.0,99,Pellet,Left,572,906,570,0,0.85,178.0,
12/23/2024 12:50:29,1.16.3,RevT_L,0,3.81,,99,Left,Left,573,906,570,0,,,0.06
12/23/2024 12:50:30,1.16.3,RevT_L,0,3.81,1.0,99,Pellet,Left,573,906,571,0,0.30,19.0,
12/23/2024 12:50:50,1.16.3,RevT_L,0,3.81,,99,Left,Left,574,906,571,0,,,0.06
12/23/2024 12:50:51,1.16.3,RevT_L,0,3.81,1.0,99,Pellet,Left,574,906,572,0,0.61,21.0,
12/23/2024 13:00:27,1.16.3,RevT_L,0,3.81,,99,Right,Left,574,907,572,0,,,0.11
12/23/2024 13:01:07,1.16.3,RevT_L,0,3.81,,99,Left,Left,575,907,572,0,,,0.07
12/23/2024 13:01:41,1.16.3,RevT_L,0,3.82,1.0,99,Pellet,Left,575,907,573,0,33.32,650.0,
12/23/2024 13:15:10,1.16.3,RevT_L,0,3.82,,99,Right,Left,575,908,573,0,,,0.08
12/23/2024 13:15:20,1.16.3,RevT_L,0,3.82,,99,Left,Left,576,908,573,0,,,0.04
12/23/2024 13:15:23,1.16.3,RevT_L,0,3.81,1.0,99,Pellet,Left,576,908,574,0,1.46,821.0,
12/23/2024 13:15:56,1.16.3,RevT_L,0,3.81,,99,Right,Left,576,909,574,0,,,0.14
12/23/2024 13:15:58,1.16.3,RevT_L,0,3.81,,99,Left,Left,577,909,574,0,,,0.03
12/23/2024 13:16:00,1.16.3,RevT_L,0,3.81,2.0,99,Pellet,Left,577,909,575,0,0.42,38.0,
12/23/2024 13:16:17,1.16.3,RevT_L,0,3.82,,99,Left,Right,578,909,575,0,,,0.11
12/23/2024 13:16:18,1.16.3,RevT_L,0,3.81,,99,Left,Right,579,909,575,0,,,0.12
12/23/2024 13:16:20,1.16.3,RevT_L,0,3.81,,99,Left,Right,580,909,575,0,,,0.01
12/23/2024 13:16:22,1.16.3,RevT_L,0,3.81,,99,Left,Right,581,909,575,0,,,0.06
12/23/2024 13:23:56,1.16.3,RevT_L,0,3.81,,99,Right,Right,581,910,575,0,,,0.15
12/23/2024 13:23:58,1.16.3,RevT_L,0,3.81,1.0,99,Pellet,Right,581,910,576,0,1.16,478.0,
12/23/2024 13:33:12,1.16.3,RevT_L,0,3.82,,99,Left,Right,582,910,576,0,,,0.13
12/23/2024 13:33:52,1.16.3,RevT_L,0,3.81,,99,Right,Right,582,911,576,0,,,0.19
12/23/2024 13:33:53,1.16.3,RevT_L,0,3.81,1.0,99,Pellet,Right,582,911,577,0,0.55,595.0,
12/23/2024 13:40:41,1.16.3,RevT_L,0,3.81,,99,Left,Right,583,911,577,0,,,0.07
12/23/2024 13:40:43,1.16.3,RevT_L,0,3.82,,99,Left,Right,584,911,577,0,,,0.24
12/23/2024 13:40:44,1.16.3,RevT_L,0,3.81,,99,Left,Right,585,911,577,0,,,0.21
12/23/2024 13:40:46,1.16.3,RevT_L,0,3.81,,99,Right,Right,585,912,577,0,,,0.17
12/23/2024 13:40:48,1.16.3,RevT_L,0,3.81,1.0,99,Pellet,Right,585,912,578,0,0.30,414.0,
12/23/2024 13:41:05,1.16.3,RevT_L,0,3.81,,99,Right,Right,585,913,578,0,,,0.3
12/23/2024 13:41:07,1.16.3,RevT_L,0,3.81,1.0,99,Pellet,Right,585,913,579,0,1.28,20.0,
12/23/2024 13:41:22,1.16.3,RevT_L,0,3.81,,99,Right,Right,585,914,579,0,,,0.19
12/23/2024 13:41:22,1.16.3,RevT_L,0,3.81,,99,RightDuringDispense,Right,585,915,579,0,,,0.13
12/23/2024 13:41:26,1.16.3,RevT_L,0,3.82,2.0,99,Pellet,Right,585,915,580,0,0.67,19.0,
12/23/2024 13:41:37,1.16.3,RevT_L,0,3.81,,99,Right,Right,585,916,580,0,,,0.37
12/23/2024 13:41:38,1.16.3,RevT_L,0,3.81,1.0,99,Pellet,Right,585,916,581,0,0.55,12.0,
12/23/2024 13:41:54,1.16.3,RevT_L,0,3.81,,99,Right,Right,585,917,581,0,,,0.31
12/23/2024 13:41:55,1.16.3,RevT_L,0,3.82,1.0,99,Pellet,Right,585,917,582,0,0.79,17.0,
12/23/2024 13:42:10,1.16.3,RevT_L,0,3.81,,99,Right,Right,585,918,582,0,,,0.21
12/23/2024 13:42:26,1.16.3,RevT_L,0,3.81,1.0,99,Pellet,Right,585,918,583,0,15.44,31.0,
12/23/2024 13:42:42,1.16.3,RevT_L,0,3.81,,99,Right,Right,585,919,583,0,,,0.29
12/23/2024 13:42:44,1.16.3,RevT_L,0,3.81,1.0,99,Pellet,Right,585,919,584,0,0.61,18.0,
12/23/2024 13:42:58,1.16.3,RevT_L,0,3.81,,99,Right,Right,585,920,584,0,,,0.1
12/23/2024 13:44:31,1.16.3,RevT_L,0,3.81,,99,RightWithPellet,Right,585,921,584,0,,,0.18
12/23/2024 13:56:43,1.16.3,RevT_L,0,3.81,,99,RightWithPellet,Right,585,922,584,0,,,0.07
12/23/2024 14:02:44,1.16.3,RevT_L,0,3.81,,99,RightWithPellet,Right,585,923,584,0,,,0.05
12/23/2024 14:13:46,1.16.3,RevT_L,0,3.81,,99,LeftWithPellet,Right,586,923,584,0,,,0.12
12/23/2024 14:17:02,1.16.3,RevT_L,0,3.81,,99,RightWithPellet,Right,586,924,584,0,,,0.07
12/23/2024 14:19:16,1.16.3,RevT_L,0,3.81,1.0,99,Pellet,Right,586,924,585,0,Timed_out,2192.0,
12/23/2024 14:31:40,1.16.3,RevT_L,0,3.81,,99,Right,Right,586,925,585,0,,,0.24
12/23/2024 14:32:00,1.16.3,RevT_L,0,3.82,1.0,99,Pellet,Right,586,925,586,0,18.46,764.0,
12/23/2024 14:32:23,1.16.3,RevT_L,0,3.81,,99,Right,Right,586,926,586,0,,,0.17
12/23/2024 14:32:24,1.16.3,RevT_L,0,3.81,1.0,99,Pellet,Right,586,926,587,0,0.42,24.0,
12/23/2024 14:32:48,1.16.3,RevT_L,0,3.81,,99,Right,Right,586,927,587,0,,,0.0
12/23/2024 14:32:49,1.16.3,RevT_L,0,3.81,2.0,99,Pellet,Right,586,927,588,0,0.24,25.0,
12/23/2024 14:34:04,1.16.3,RevT_L,0,3.81,,99,Right,Right,586,928,588,0,,,0.06
12/23/2024 14:34:06,1.16.3,RevT_L,0,3.81,1.0,99,Pellet,Right,586,928,589,0,0.98,77.0,
12/23/2024 14:54:46,1.16.3,RevT_L,0,3.81,,99,Left,Right,587,928,589,0,,,0.19
12/23/2024 14:54:47,1.16.3,RevT_L,0,3.8,,99,Left,Right,588,928,589,0,,,0.22
12/23/2024 14:54:48,1.16.3,RevT_L,0,3.81,,99,Left,Right,589,928,589,0,,,0.16
12/23/2024 14:55:59,1.16.3,RevT_L,0,3.8,,99,Left,Right,590,928,589,0,,,0.16
12/23/2024 14:56:16,1.16.3,RevT_L,0,3.8,,99,Left,Right,591,928,589,0,,,0.08
12/23/2024 14:56:17,1.16.3,RevT_L,0,3.81,,99,Left,Right,592,928,589,0,,,0.24
12/23/2024 14:56:18,1.16.3,RevT_L,0,3.81,,99,Left,Right,593,928,589,0,,,0.16
12/23/2024 14:56:19,1.16.3,RevT_L,0,3.8,,99,Left,Right,594,928,589,0,,,0.07
12/23/2024 14:57:25,1.16.3,RevT_L,0,3.81,,99,Right,Right,594,929,589,0,,,0.0
12/23/2024 14:57:28,1.16.3,RevT_L,0,3.81,1.0,99,Pellet,Right,594,929,590,0,2.63,1402.0,
12/23/2024 14:57:44,1.16.3,RevT_L,0,3.81,,99,Right,Right,594,930,590,0,,,0.14
12/23/2024 14:57:45,1.16.3,RevT_L,0,3.8,2.0,99,Pellet,Right,594,930,591,0,0.42,17.0,
12/23/2024 14:57:57,1.16.3,RevT_L,0,3.8,,99,Right,Right,594,931,591,0,,,0.17
12/23/2024 14:57:59,1.16.3,RevT_L,0,3.81,1.0,99,Pellet,Right,594,931,592,0,0.55,14.0,
12/23/2024 14:58:16,1.16.3,RevT_L,0,3.8,,99,Right,Right,594,932,592,0,,,0.1
12/23/2024 14:58:17,1.16.3,RevT_L,0,3.81,1.0,99,Pellet,Right,594,932,593,0,0.36,18.0,
12/23/2024 14:58:29,1.16.3,RevT_L,0,3.8,,99,Right,Right,594,933,593,0,,,0.19
12/23/2024 14:58:43,1.16.3,RevT_L,0,3.8,3.0,99,Pellet,Right,594,933,594,0,11.12,26.0,
12/23/2024 14:59:10,1.16.3,RevT_L,0,3.8,,99,Right,Right,594,934,594,0,,,0.17
12/23/2024 14:59:12,1.16.3,RevT_L,0,3.81,2.0,99,Pellet,Right,594,934,595,0,0.49,29.0,
12/23/2024 14:59:29,1.16.3,RevT_L,0,3.81,,99,Right,Right,594,935,595,0,,,0.11
12/23/2024 14:59:31,1.16.3,RevT_L,0,3.8,2.0,99,Pellet,Right,594,935,596,0,0.42,19.0,
12/23/2024 15:23:40,1.16.3,RevT_L,0,3.81,,99,Right,Right,594,936,596,0,,,0.26
12/23/2024 15:23:50,1.16.3,RevT_L,0,3.8,2.0,99,Pellet,Right,594,936,597,0,9.34,1459.0,
12/23/2024 15:24:08,1.16.3,RevT_L,0,3.81,,99,Right,Right,594,937,597,0,,,0.19
12/23/2024 15:24:10,1.16.3,RevT_L,0,3.8,2.0,99,Pellet,Right,594,937,598,0,0.55,20.0,
12/23/2024 15:44:48,1.16.3,RevT_L,0,3.81,,99,Right,Right,594,938,598,0,,,0.18
12/23/2024 15:44:49,1.16.3,RevT_L,0,3.8,1.0,99,Pellet,Right,594,938,599,0,0.18,1239.0,
12/23/2024 15:45:23,1.16.3,RevT_L,0,3.8,,99,Right,Right,594,939,599,0,,,0.24
12/23/2024 15:45:24,1.16.3,RevT_L,0,3.81,1.0,99,Pellet,Right,594,939,600,0,0.18,35.0,
12/23/2024 15:45:46,1.16.3,RevT_L,0,3.81,,99,Right,Left,594,940,600,0,,,0.12
12/23/2024 15:45:48,1.16.3,RevT_L,0,3.8,,99,Right,Left,594,941,600,0,,,0.13
12/23/2024 15:45:49,1.16.3,RevT_L,0,3.8,,99,Left,Left,595,941,600,0,,,0.08
12/23/2024 15:45:50,1.16.3,RevT_L,0,3.81,2.0,99,Pellet,Left,595,941,601,0,0.06,26.0,
12/23/2024 15:52:57,1.16.3,RevT_L,0,3.8,,99,Right,Left,595,942,601,0,,,0.12
12/23/2024 15:53:54,1.16.3,RevT_L,0,3.8,,99,Right,Left,595,943,601,0,,,0.08
12/23/2024 15:56:09,1.16.3,RevT_L,0,3.81,,99,Right,Left,595,944,601,0,,,0.09
12/23/2024 15:56:10,1.16.3,RevT_L,0,3.81,,99,Right,Left,595,945,601,0,,,0.04
12/23/2024 15:56:12,1.16.3,RevT_L,0,3.8,,99,Left,Left,596,945,601,0,,,0.15
12/23/2024 15:56:23,1.16.3,RevT_L,0,3.8,2.0,99,Pellet,Left,596,945,602,0,10.08,633.0,
12/23/2024 15:57:28,1.16.3,RevT_L,0,3.81,,99,Left,Left,597,945,602,0,,,0.1
12/23/2024 15:57:29,1.16.3,RevT_L,0,3.8,2.0,99,Pellet,Left,597,945,603,0,0.36,66.0,
12/23/2024 15:57:46,1.16.3,RevT_L,0,3.81,,99,Right,Left,597,946,603,0,,,0.59
12/23/2024 15:57:49,1.16.3,RevT_L,0,3.81,,99,Right,Left,597,947,603,0,,,0.12
12/23/2024 16:03:14,1.16.3,RevT_L,0,3.81,,99,Right,Left,597,948,603,0,,,0.04
12/23/2024 16:09:14,1.16.3,RevT_L,0,3.8,,99,Right,Left,597,949,603,0,,,0.02
12/23/2024 16:13:30,1.16.3,RevT_L,0,3.81,,99,Right,Left,597,950,603,0,,,0.11
12/23/2024 16:13:31,1.16.3,RevT_L,0,3.81,,99,Left,Left,598,950,603,0,,,0.04
12/23/2024 16:13:33,1.16.3,RevT_L,0,3.8,2.0,99,Pellet,Left,598,950,604,0,0.12,964.0,
12/23/2024 16:13:47,1.16.3,RevT_L,0,3.8,,99,Right,Left,598,951,604,0,,,0.17
12/23/2024 16:13:49,1.16.3,RevT_L,0,3.81,,99,Right,Left,598,952,604,0,,,0.17
12/23/2024 16:13:51,1.16.3,RevT_L,0,3.8,,99,Left,Left,599,952,604,0,,,0.04
12/23/2024 16:13:52,1.16.3,RevT_L,0,3.8,2.0,99,Pellet,Left,599,952,605,0,0.30,19.0,
12/23/2024 16:31:50,1.16.3,RevT_L,0,3.8,,99,Right,Left,599,953,605,0,,,0.21
12/23/2024 16:31:53,1.16.3,RevT_L,0,3.8,,99,Right,Left,599,954,605,0,,,0.11
12/23/2024 16:31:55,1.16.3,RevT_L,0,3.8,,99,Right,Left,599,955,605,0,,,0.08
12/23/2024 16:31:59,1.16.3,RevT_L,0,3.8,,99,Left,Left,600,955,605,0,,,0.01
12/23/2024 16:32:00,1.16.3,RevT_L,0,3.8,2.0,99,Pellet,Left,600,955,606,0,0.55,1088.0,
12/23/2024 16:32:15,1.16.3,RevT_L,0,3.81,,99,Right,Left,600,956,606,0,,,0.24
12/23/2024 16:32:17,1.16.3,RevT_L,0,3.81,,99,Right,Left,600,957,606,0,,,0.23
12/23/2024 16:32:18,1.16.3,RevT_L,0,3.81,,99,Left,Left,601,957,606,0,,,0.03
12/23/2024 16:32:19,1.16.3,RevT_L,0,3.8,2.0,99,Pellet,Left,601,957,607,0,0.36,19.0,
12/23/2024 16:32:33,1.16.3,RevT_L,0,3.8,,99,Right,Left,601,958,607,0,,,0.28
12/23/2024 16:32:34,1.16.3,RevT_L,0,3.81,,99,Right,Left,601,959,607,0,,,0.36
12/23/2024 16:32:38,1.16.3,RevT_L,0,3.81,,99,Left,Left,602,959,607,0,,,0.16
12/23/2024 16:32:40,1.16.3,RevT_L,0,3.8,2.0,99,Pellet,Left,602,959,608,0,0.30,21.0,
12/23/2024 16:32:50,1.16.3,RevT_L,0,3.81,,99,Right,Left,602,960,608,0,,,0.22
12/23/2024 16:32:53,1.16.3,RevT_L,0,3.8,,99,Left,Left,603,960,608,0,,,0.15
12/23/2024 16:32:55,1.16.3,RevT_L,0,3.8,2.0,99,Pellet,Left,603,960,609,0,0.61,15.0,
12/23/2024 16:33:18,1.16.3,RevT_L,0,3.8,,99,Right,Left,603,961,609,0,,,0.18
12/23/2024 16:33:21,1.16.3,RevT_L,0,3.8,,99,Left,Left,604,961,609,0,,,0.16
12/23/2024 16:33:24,1.16.3,RevT_L,0,3.8,2.0,99,Pellet,Left,604,961,610,0,0.36,29.0,
12/23/2024 16:42:47,1.16.3,RevT_L,0,3.8,,99,Right,Left,604,962,610,0,,,0.26
12/23/2024 16:43:10,1.16.3,RevT_L,0,3.8,,99,Right,Left,604,963,610,0,,,0.02
12/23/2024 16:49:31,1.16.3,RevT_L,0,3.81,,99,Right,Left,604,964,610,0,,,0.02
12/23/2024 16:50:06,1.16.3,RevT_L,0,3.8,,99,Right,Left,604,965,610,0,,,0.31
12/23/2024 16:50:09,1.16.3,RevT_L,0,3.8,,99,Left,Left,605,965,610,0,,,0.19
12/23/2024 16:50:11,1.16.3,RevT_L,0,3.8,1.0,99,Pellet,Left,605,965,611,0,0.79,1007.0,
12/23/2024 16:50:40,1.16.3,RevT_L,0,3.8,,99,Left,Left,606,965,611,0,,,0.03
12/23/2024 16:50:43,1.16.3,RevT_L,0,3.8,1.0,99,Pellet,Left,606,965,612,0,2.57,32.0,
12/23/2024 16:50:57,1.16.3,RevT_L,0,3.8,,99,Right,Left,606,966,612,0,,,0.26
12/23/2024 16:51:00,1.16.3,RevT_L,0,3.8,,99,Left,Left,607,966,612,0,,,0.18
12/23/2024 16:51:01,1.16.3,RevT_L,0,3.8,2.0,99,Pellet,Left,607,966,613,0,0.36,18.0,
12/23/2024 16:51:12,1.16.3,RevT_L,0,3.8,,99,Right,Left,607,967,613,0,,,0.07
12/23/2024 16:51:14,1.16.3,RevT_L,0,3.81,,99,Left,Left,608,967,613,0,,,0.2
12/23/2024 16:51:15,1.16.3,RevT_L,0,3.8,1.0,99,Pellet,Left,608,967,614,0,0.30,14.0,
12/23/2024 16:51:31,1.16.3,RevT_L,0,3.8,,99,Right,Left,608,968,614,0,,,0.5
12/23/2024 16:51:32,1.16.3,RevT_L,0,3.81,,99,Left,Left,609,968,614,0,,,0.03
12/23/2024 16:51:33,1.16.3,RevT_L,0,3.8,1.0,99,Pellet,Left,609,968,615,0,0.30,18.0,
12/23/2024 16:51:59,1.16.3,RevT_L,0,3.8,,99,Left,Left,610,968,615,0,,,0.19
12/23/2024 16:52:00,1.16.3,RevT_L,0,3.81,1.0,99,Pellet,Left,610,968,616,0,0.24,27.0,
12/23/2024 16:58:27,1.16.3,RevT_L,0,3.81,,99,Right,Left,610,969,616,0,,,0.1
12/23/2024 17:02:55,1.16.3,RevT_L,0,3.8,,99,Right,Left,610,970,616,0,,,0.25
12/23/2024 17:11:39,1.16.3,RevT_L,0,3.8,,99,Left,Left,611,970,616,0,,,0.03
12/23/2024 17:11:40,1.16.3,RevT_L,0,3.8,1.0,99,Pellet,Left,611,970,617,0,0.73,1180.0,
12/23/2024 17:12:03,1.16.3,RevT_L,0,3.8,,99,Right,Left,611,971,617,0,,,0.17
12/23/2024 17:12:04,1.16.3,RevT_L,0,3.8,,99,Right,Left,611,972,617,0,,,0.28
12/23/2024 17:12:05,1.16.3,RevT_L,0,3.8,,99,Left,Left,612,972,617,0,,,0.04
12/23/2024 17:12:07,1.16.3,RevT_L,0,3.8,1.0,99,Pellet,Left,612,972,618,0,0.55,27.0,
12/23/2024 17:12:22,1.16.3,RevT_L,0,3.8,,99,Right,Left,612,973,618,0,,,0.11
12/23/2024 17:12:25,1.16.3,RevT_L,0,3.8,,99,Left,Left,613,973,618,0,,,0.16
12/23/2024 17:12:26,1.16.3,RevT_L,0,3.8,2.0,99,Pellet,Left,613,973,619,0,0.06,19.0,
12/23/2024 17:12:50,1.16.3,RevT_L,0,3.8,,99,Right,Left,613,974,619,0,,,0.14
12/23/2024 17:12:54,1.16.3,RevT_L,0,3.8,,99,Left,Left,614,974,619,0,,,0.11
12/23/2024 17:12:58,1.16.3,RevT_L,0,3.8,,99,LeftWithPellet,Left,615,974,619,0,,,0.09
12/23/2024 17:23:22,1.16.3,RevT_L,0,3.8,,99,RightWithPellet,Left,615,975,619,0,,,0.38
12/23/2024 17:24:07,1.16.3,RevT_L,0,3.8,,99,RightWithPellet,Left,615,976,619,0,,,0.24
