MM:DD:YYYY hh:mm:ss,Library_Version,Session_type,Device_Number,Battery_Voltage,Motor_Turns,FR,Event,Active_Poke,Left_Poke_Count,Right_Poke_Count,Pellet_Count,Block_Pellet_Count,Retrieval_Time,InterPelletInterval,Poke_Time
11/20/2024 9:42:17,1.16.3,RevT_R,0,3.71,,1,Left,Right,1,0,0,0,,,0.44
11/20/2024 9:52:39,1.16.3,RevT_R,0,3.71,,1,Left,Right,2,0,0,0,,,0.57
11/20/2024 9:52:42,1.16.3,RevT_R,0,3.71,,1,Left,Right,3,0,0,0,,,0.24
11/20/2024 9:52:44,1.16.3,RevT_R,0,3.71,,1,Left,Right,4,0,0,0,,,0.12
11/20/2024 9:52:46,1.16.3,RevT_R,0,3.71,,1,Left,Right,5,0,0,0,,,0.27
11/20/2024 9:52:48,1.16.3,RevT_R,0,3.71,,1,Left,Right,6,0,0,0,,,0.24
11/20/2024 9:52:52,1.16.3,RevT_R,0,3.71,,1,Left,Right,7,0,0,0,,,0.48
11/20/2024 9:52:53,1.16.3,RevT_R,0,3.71,,1,Left,Right,8,0,0,0,,,0.48
11/20/2024 9:52:55,1.16.3,RevT_R,0,3.71,,1,Left,Right,9,0,0,0,,,0.59
11/20/2024 9:52:58,1.16.3,RevT_R,0,3.72,,1,Left,Right,10,0,0,0,,,0.46
11/20/2024 9:53:00,1.16.3,RevT_R,0,3.71,,1,Left,Right,11,0,0,0,,,0.6
11/20/2024 9:53:01,1.16.3,RevT_R,0,3.71,,1,Left,Right,12,0,0,0,,,0.05
11/20/2024 9:53:05,1.16.3,RevT_R,0,3.71,,1,Left,Right,13,0,0,0,,,0.38
11/20/2024 9:53:06,1.16.3,RevT_R,0,3.71,,1,Left,Right,14,0,0,0,,,0.6
11/20/2024 9:53:08,1.16.3,RevT_R,0,3.71,,1,Left,Right,15,0,0,0,,,0.53
11/20/2024 9:53:11,1.16.3,RevT_R,0,3.72,,1,Right,Right,15,1,0,0,,,0.07
11/20/2024 9:53:18,1.16.3,RevT_R,0,3.71,3.0,1,Pellet,Right,15,1,1,0,1.46,,
11/20/2024 9:53:46,1.16.3,RevT_R,0,3.71,,1,Left,Right,16,1,1,0,,,0.33
11/20/2024 9:53:48,1.16.3,RevT_R,0,3.71,,1,Left,Right,17,1,1,0,,,0.36
11/20/2024 9:53:51,1.16.3,RevT_R,0,3.71,,1,Left,Right,18,1,1,0,,,0.26
11/20/2024 9:53:53,1.16.3,RevT_R,0,3.71,,1,Left,Right,19,1,1,0,,,0.52
11/20/2024 9:53:56,1.16.3,RevT_R,0,3.72,,1,Left,Right,20,1,1,0,,,0.57
11/20/2024 9:53:57,1.16.3,RevT_R,0,3.71,,1,Left,Right,21,1,1,0,,,0.59
11/20/2024 9:53:59,1.16.3,RevT_R,0,3.71,,1,Left,Right,22,1,1,0,,,0.42
11/20/2024 9:54:01,1.16.3,RevT_R,0,3.71,,1,Left,Right,23,1,1,0,,,0.39
11/20/2024 9:54:03,1.16.3,RevT_R,0,3.71,,1,Left,Right,24,1,1,0,,,0.39
11/20/2024 9:54:06,1.16.3,RevT_R,0,3.71,,1,Left,Right,25,1,1,0,,,0.56
11/20/2024 9:54:08,1.16.3,RevT_R,0,3.71,,1,Left,Right,26,1,1,0,,,0.95
11/20/2024 9:54:09,1.16.3,RevT_R,0,3.71,,1,Left,Right,27,1,1,0,,,0.28
11/20/2024 9:54:11,1.16.3,RevT_R,0,3.71,,1,Left,Right,28,1,1,0,,,0.58
11/20/2024 9:54:23,1.16.3,RevT_R,0,3.71,,1,Left,Right,29,1,1,0,,,0.64
11/20/2024 9:54:26,1.16.3,RevT_R,0,3.72,,1,Left,Right,30,1,1,0,,,0.25
11/20/2024 9:54:28,1.16.3,RevT_R,0,3.71,,1,Left,Right,31,1,1,0,,,0.21
11/20/2024 9:54:31,1.16.3,RevT_R,0,3.71,,1,Left,Right,32,1,1,0,,,0.72
11/20/2024 9:54:32,1.16.3,RevT_R,0,3.72,,1,Left,Right,33,1,1,0,,,0.11
11/20/2024 9:54:38,1.16.3,RevT_R,0,3.71,,1,Right,Right,33,2,1,0,,,0.29
11/20/2024 9:54:43,1.16.3,RevT_R,0,3.71,1.0,1,Pellet,Right,33,2,2,0,3.55,84.0,
11/20/2024 9:55:23,1.16.3,RevT_R,0,3.72,,1,Left,Right,34,2,2,0,,,0.29
11/20/2024 9:55:27,1.16.3,RevT_R,0,3.71,,1,Left,Right,35,2,2,0,,,0.1
11/20/2024 9:55:30,1.16.3,RevT_R,0,3.72,,1,Left,Right,36,2,2,0,,,0.53
11/20/2024 9:55:35,1.16.3,RevT_R,0,3.71,,1,Right,Right,36,3,2,0,,,0.19
11/20/2024 9:55:36,1.16.3,RevT_R,0,3.72,1.0,1,Pellet,Right,36,3,3,0,0.61,54.0,
11/20/2024 9:55:57,1.16.3,RevT_R,0,3.72,,1,Left,Right,37,3,3,0,,,0.2
11/20/2024 9:56:00,1.16.3,RevT_R,0,3.72,,1,Left,Right,38,3,3,0,,,0.3
11/20/2024 9:56:03,1.16.3,RevT_R,0,3.71,,1,Left,Right,39,3,3,0,,,0.09
11/20/2024 9:56:05,1.16.3,RevT_R,0,3.72,,1,Left,Right,40,3,3,0,,,0.39
11/20/2024 9:56:06,1.16.3,RevT_R,0,3.71,,1,Left,Right,41,3,3,0,,,0.38
11/20/2024 9:56:09,1.16.3,RevT_R,0,3.72,,1,Left,Right,42,3,3,0,,,0.64
11/20/2024 9:56:11,1.16.3,RevT_R,0,3.71,,1,Left,Right,43,3,3,0,,,0.48
11/20/2024 9:56:20,1.16.3,RevT_R,0,3.71,,1,Left,Right,44,3,3,0,,,0.48
11/20/2024 9:56:22,1.16.3,RevT_R,0,3.72,,1,Left,Right,45,3,3,0,,,0.34
11/20/2024 9:56:24,1.16.3,RevT_R,0,3.71,,1,Left,Right,46,3,3,0,,,0.3
11/20/2024 9:56:25,1.16.3,RevT_R,0,3.71,,1,Left,Right,47,3,3,0,,,0.01
11/20/2024 9:56:27,1.16.3,RevT_R,0,3.71,,1,Left,Right,48,3,3,0,,,0.44
11/20/2024 9:56:29,1.16.3,RevT_R,0,3.72,,1,Left,Right,49,3,3,0,,,0.37
11/20/2024 9:56:34,1.16.3,RevT_R,0,3.72,,1,Right,Right,49,4,3,0,,,0.51
11/20/2024 9:56:39,1.16.3,RevT_R,0,3.71,1.0,1,Pellet,Right,49,4,4,0,3.86,63.0,
11/20/2024 9:57:07,1.16.3,RevT_R,0,3.71,,1,Left,Right,50,4,4,0,,,0.14
11/20/2024 9:57:09,1.16.3,RevT_R,0,3.72,,1,Left,Right,51,4,4,0,,,0.23
11/20/2024 9:57:11,1.16.3,RevT_R,0,3.71,,1,Left,Right,52,4,4,0,,,0.32
11/20/2024 9:58:25,1.16.3,RevT_R,0,3.72,,1,Left,Right,53,4,4,0,,,0.15
11/20/2024 9:58:26,1.16.3,RevT_R,0,3.72,,1,Left,Right,54,4,4,0,,,0.59
11/20/2024 9:58:36,1.16.3,RevT_R,0,3.71,,1,Left,Right,55,4,4,0,,,0.43
11/20/2024 10:08:33,1.16.3,RevT_R,0,3.71,,1,Left,Right,56,4,4,0,,,0.05
11/20/2024 10:08:36,1.16.3,RevT_R,0,3.71,,1,Left,Right,57,4,4,0,,,0.42
11/20/2024 10:08:39,1.16.3,RevT_R,0,3.71,,1,Left,Right,58,4,4,0,,,0.59
11/20/2024 10:08:42,1.16.3,RevT_R,0,3.71,,1,Left,Right,59,4,4,0,,,0.45
11/20/2024 10:08:45,1.16.3,RevT_R,0,3.72,,1,Left,Right,60,4,4,0,,,0.43
11/20/2024 10:08:56,1.16.3,RevT_R,0,3.71,,1,Left,Right,61,4,4,0,,,0.14
11/20/2024 10:09:14,1.16.3,RevT_R,0,3.71,,1,Left,Right,62,4,4,0,,,0.1
11/20/2024 10:09:15,1.16.3,RevT_R,0,3.71,,1,Left,Right,63,4,4,0,,,0.45
11/20/2024 10:09:18,1.16.3,RevT_R,0,3.71,,1,Left,Right,64,4,4,0,,,0.34
11/20/2024 10:09:22,1.16.3,RevT_R,0,3.71,,1,Left,Right,65,4,4,0,,,1.18
11/20/2024 10:09:25,1.16.3,RevT_R,0,3.71,,1,Left,Right,66,4,4,0,,,0.71
11/20/2024 10:09:27,1.16.3,RevT_R,0,3.71,,1,Left,Right,67,4,4,0,,,0.57
11/20/2024 10:09:28,1.16.3,RevT_R,0,3.71,,1,Left,Right,68,4,4,0,,,0.21
11/20/2024 10:10:05,1.16.3,RevT_R,0,3.71,,1,Left,Right,69,4,4,0,,,0.49
11/20/2024 10:10:07,1.16.3,RevT_R,0,3.71,,1,Left,Right,70,4,4,0,,,0.29
11/20/2024 10:10:10,1.16.3,RevT_R,0,3.71,,1,Left,Right,71,4,4,0,,,1.26
11/20/2024 10:10:28,1.16.3,RevT_R,0,3.71,,1,Right,Right,71,5,4,0,,,0.2
11/20/2024 10:10:34,1.16.3,RevT_R,0,3.72,1.0,1,Pellet,Right,71,5,5,0,5.51,835.0,
11/20/2024 10:11:11,1.16.3,RevT_R,0,3.71,,1,Right,Right,71,6,5,0,,,0.13
11/20/2024 10:11:15,1.16.3,RevT_R,0,3.72,1.0,1,Pellet,Right,71,6,6,0,2.63,41.0,
11/20/2024 10:11:32,1.16.3,RevT_R,0,3.71,,1,Left,Right,72,6,6,0,,,0.23
11/20/2024 10:11:38,1.16.3,RevT_R,0,3.71,,1,Right,Right,72,7,6,0,,,0.1
11/20/2024 10:11:43,1.16.3,RevT_R,0,3.71,2.0,1,Pellet,Right,72,7,7,0,4.22,28.0,
11/20/2024 10:12:07,1.16.3,RevT_R,0,3.71,,1,Right,Right,72,8,7,0,,,0.2
11/20/2024 10:12:12,1.16.3,RevT_R,0,3.71,1.0,1,Pellet,Right,72,8,8,0,4.47,29.0,
11/20/2024 10:12:41,1.16.3,RevT_R,0,3.72,,1,Left,Right,73,8,8,0,,,0.16
11/20/2024 10:12:47,1.16.3,RevT_R,0,3.71,,1,Left,Right,74,8,8,0,,,0.17
11/20/2024 10:13:00,1.16.3,RevT_R,0,3.72,,1,Right,Right,74,9,8,0,,,0.13
11/20/2024 10:13:03,1.16.3,RevT_R,0,3.71,1.0,1,Pellet,Right,74,9,9,0,2.69,51.0,
11/20/2024 10:13:41,1.16.3,RevT_R,0,3.71,,1,Right,Right,74,10,9,0,,,0.2
11/20/2024 10:13:45,1.16.3,RevT_R,0,3.71,1.0,1,Pellet,Right,74,10,10,0,3.30,42.0,
11/20/2024 10:14:07,1.16.3,RevT_R,0,3.71,,1,Right,Right,74,11,10,0,,,0.04
11/20/2024 10:14:12,1.16.3,RevT_R,0,3.71,1.0,1,Pellet,Right,74,11,11,0,4.10,27.0,
11/20/2024 10:23:38,1.16.3,RevT_R,0,3.71,,1,Right,Right,74,12,11,0,,,0.01
11/20/2024 10:23:45,1.16.3,RevT_R,0,3.71,1.0,1,Pellet,Right,74,12,12,0,6.80,573.0,
11/20/2024 10:45:07,1.16.3,RevT_R,0,3.72,,1,Left,Right,75,12,12,0,,,0.09
11/20/2024 10:45:26,1.16.3,RevT_R,0,3.71,,1,Right,Right,75,13,12,0,,,0.33
11/20/2024 10:45:30,1.16.3,RevT_R,0,3.71,2.0,1,Pellet,Right,75,13,13,0,0.97,1305.0,
11/20/2024 10:46:15,1.16.3,RevT_R,0,3.71,,1,Right,Right,75,14,13,0,,,0.2
11/20/2024 10:46:17,1.16.3,RevT_R,0,3.71,1.0,1,Pellet,Right,75,14,14,0,1.34,47.0,
11/20/2024 10:46:45,1.16.3,RevT_R,0,3.71,,1,Left,Right,76,14,14,0,,,0.08
11/20/2024 10:46:47,1.16.3,RevT_R,0,3.71,,1,Left,Right,77,14,14,0,,,0.21
11/20/2024 10:46:49,1.16.3,RevT_R,0,3.71,,1,Left,Right,78,14,14,0,,,0.16
11/20/2024 10:46:51,1.16.3,RevT_R,0,3.72,,1,Left,Right,79,14,14,0,,,0.2
11/20/2024 10:46:56,1.16.3,RevT_R,0,3.71,,1,Left,Right,80,14,14,0,,,0.04
11/20/2024 10:46:59,1.16.3,RevT_R,0,3.71,,1,Left,Right,81,14,14,0,,,0.12
11/20/2024 10:47:09,1.16.3,RevT_R,0,3.71,,1,Left,Right,82,14,14,0,,,0.08
11/20/2024 10:47:14,1.16.3,RevT_R,0,3.71,,1,Left,Right,83,14,14,0,,,0.07
11/20/2024 10:47:17,1.16.3,RevT_R,0,3.71,,1,Left,Right,84,14,14,0,,,0.12
11/20/2024 10:47:22,1.16.3,RevT_R,0,3.71,,1,Left,Right,85,14,14,0,,,0.06
11/20/2024 11:00:43,1.16.3,RevT_R,0,3.71,,1,Left,Right,86,14,14,0,,,0.05
11/20/2024 11:03:06,1.16.3,RevT_R,0,3.71,,1,Right,Right,86,15,14,0,,,0.18
11/20/2024 11:03:27,1.16.3,RevT_R,0,3.71,1.0,1,Pellet,Right,86,15,15,0,20.14,1030.0,
11/20/2024 11:03:44,1.16.3,RevT_R,0,3.71,,1,Left,Right,87,15,15,0,,,0.07
11/20/2024 11:03:50,1.16.3,RevT_R,0,3.71,,1,Left,Right,88,15,15,0,,,0.03
11/20/2024 11:03:54,1.16.3,RevT_R,0,3.71,,1,Left,Right,89,15,15,0,,,0.2
11/20/2024 11:03:58,1.16.3,RevT_R,0,3.71,,1,Left,Right,90,15,15,0,,,0.5
11/20/2024 11:04:07,1.16.3,RevT_R,0,3.71,,1,Left,Right,91,15,15,0,,,0.13
11/20/2024 11:04:14,1.16.3,RevT_R,0,3.71,,1,Right,Right,91,16,15,0,,,0.12
11/20/2024 11:04:19,1.16.3,RevT_R,0,3.71,1.0,1,Pellet,Right,91,16,16,0,4.65,52.0,
11/20/2024 11:04:55,1.16.3,RevT_R,0,3.71,,1,Left,Right,92,16,16,0,,,0.04
11/20/2024 11:04:57,1.16.3,RevT_R,0,3.71,,1,Left,Right,93,16,16,0,,,0.07
11/20/2024 11:04:59,1.16.3,RevT_R,0,3.71,,1,Left,Right,94,16,16,0,,,0.22
11/20/2024 11:05:11,1.16.3,RevT_R,0,3.71,,1,Right,Right,94,17,16,0,,,0.0
11/20/2024 11:05:14,1.16.3,RevT_R,0,3.71,1.0,1,Pellet,Right,94,17,17,0,1.52,55.0,
11/20/2024 11:05:48,1.16.3,RevT_R,0,3.71,,1,Right,Right,94,18,17,0,,,0.21
11/20/2024 11:05:51,1.16.3,RevT_R,0,3.71,1.0,1,Pellet,Right,94,18,18,0,2.44,37.0,
11/20/2024 11:09:24,1.16.3,RevT_R,0,3.71,,1,Left,Right,95,18,18,0,,,0.21
11/20/2024 11:14:42,1.16.3,RevT_R,0,3.71,,1,Left,Right,96,18,18,0,,,0.2
11/20/2024 11:21:02,1.16.3,RevT_R,0,3.71,,1,Left,Right,97,18,18,0,,,0.24
11/20/2024 11:21:04,1.16.3,RevT_R,0,3.71,,1,Left,Right,98,18,18,0,,,0.03
11/20/2024 11:21:05,1.16.3,RevT_R,0,3.71,,1,Left,Right,99,18,18,0,,,0.25
11/20/2024 11:21:09,1.16.3,RevT_R,0,3.71,,1,Left,Right,100,18,18,0,,,0.17
11/20/2024 11:21:11,1.16.3,RevT_R,0,3.71,,1,Left,Right,101,18,18,0,,,0.27
11/20/2024 11:21:14,1.16.3,RevT_R,0,3.71,,1,Right,Right,101,19,18,0,,,0.11
11/20/2024 11:21:19,1.16.3,RevT_R,0,3.71,1.0,1,Pellet,Right,101,19,19,0,3.48,927.0,
11/20/2024 11:21:59,1.16.3,RevT_R,0,3.71,,1,Right,Right,101,20,19,0,,,0.18
11/20/2024 11:22:03,1.16.3,RevT_R,0,3.71,1.0,1,Pellet,Right,101,20,20,0,3.00,45.0,
11/20/2024 11:22:16,1.16.3,RevT_R,0,3.71,,1,Right,Right,101,21,20,0,,,0.14
11/20/2024 11:22:22,1.16.3,RevT_R,0,3.71,1.0,1,Pellet,Right,101,21,21,0,5.27,19.0,
11/20/2024 11:22:38,1.16.3,RevT_R,0,3.71,,1,Right,Right,101,22,21,0,,,0.07
11/20/2024 11:22:42,1.16.3,RevT_R,0,3.71,1.0,1,Pellet,Right,101,22,22,0,3.37,20.0,
11/20/2024 11:22:58,1.16.3,RevT_R,0,3.71,,1,Right,Right,101,23,22,0,,,0.07
11/20/2024 11:23:02,1.16.3,RevT_R,0,3.71,1.0,1,Pellet,Right,101,23,23,0,3.80,20.0,
11/20/2024 11:23:41,1.16.3,RevT_R,0,3.71,,1,Left,Right,102,23,23,0,,,0.21
11/20/2024 11:23:44,1.16.3,RevT_R,0,3.71,,1,Right,Right,102,24,23,0,,,0.13
11/20/2024 11:23:48,1.16.3,RevT_R,0,3.71,2.0,1,Pellet,Right,102,24,24,0,2.44,46.0,
11/20/2024 11:24:09,1.16.3,RevT_R,0,3.71,,1,Right,Right,102,25,24,0,,,0.15
11/20/2024 11:24:18,1.16.3,RevT_R,0,3.71,1.0,1,Pellet,Right,102,25,25,0,7.60,30.0,
11/20/2024 11:24:44,1.16.3,RevT_R,0,3.71,,1,Right,Left,102,26,25,0,,,0.27
11/20/2024 11:24:53,1.16.3,RevT_R,0,3.71,,1,Left,Left,103,26,25,0,,,0.02
11/20/2024 11:25:11,1.16.3,RevT_R,0,3.71,1.0,1,Pellet,Left,103,26,26,0,17.32,53.0,
11/20/2024 11:38:02,1.16.3,RevT_R,0,3.71,,1,Left,Left,104,26,26,0,,,0.16
11/20/2024 11:38:04,1.16.3,RevT_R,0,3.71,1.0,1,Pellet,Left,104,26,27,0,1.16,773.0,
11/20/2024 11:41:33,1.16.3,RevT_R,0,3.71,,1,Right,Left,104,27,27,0,,,0.04
11/20/2024 11:44:45,1.16.3,RevT_R,0,3.71,,1,Right,Left,104,28,27,0,,,0.0
11/20/2024 11:44:49,1.16.3,RevT_R,0,3.71,,1,Right,Left,104,29,27,0,,,0.05
11/20/2024 11:44:53,1.16.3,RevT_R,0,3.71,,1,Right,Left,104,30,27,0,,,0.56
11/20/2024 11:44:55,1.16.3,RevT_R,0,3.71,,1,Right,Left,104,31,27,0,,,0.4
11/20/2024 11:44:59,1.16.3,RevT_R,0,3.71,,1,Right,Left,104,32,27,0,,,0.23
11/20/2024 11:45:01,1.16.3,RevT_R,0,3.71,,1,Right,Left,104,33,27,0,,,0.33
11/20/2024 11:45:06,1.16.3,RevT_R,0,3.71,,1,Left,Left,105,33,27,0,,,0.08
11/20/2024 11:45:08,1.16.3,RevT_R,0,3.71,1.0,1,Pellet,Left,105,33,28,0,1.59,424.0,
11/20/2024 11:46:36,1.16.3,RevT_R,0,3.71,,1,Left,Left,106,33,28,0,,,0.05
11/20/2024 11:46:37,1.16.3,RevT_R,0,3.71,1.0,1,Pellet,Left,106,33,29,0,0.61,89.0,
11/20/2024 11:47:23,1.16.3,RevT_R,0,3.71,,1,Left,Left,107,33,29,0,,,0.05
11/20/2024 11:47:25,1.16.3,RevT_R,0,3.71,1.0,1,Pellet,Left,107,33,30,0,0.85,48.0,
11/20/2024 11:47:59,1.16.3,RevT_R,0,3.71,,1,Left,Left,108,33,30,0,,,0.14
11/20/2024 11:48:00,1.16.3,RevT_R,0,3.71,1.0,1,Pellet,Left,108,33,31,0,0.48,35.0,
11/20/2024 11:48:28,1.16.3,RevT_R,0,3.71,,1,Left,Left,109,33,31,0,,,0.02
11/20/2024 11:48:29,1.16.3,RevT_R,0,3.71,1.0,1,Pellet,Left,109,33,32,0,1.03,29.0,
11/20/2024 11:48:49,1.16.3,RevT_R,0,3.71,,1,Left,Left,110,33,32,0,,,0.05
11/20/2024 11:48:50,1.16.3,RevT_R,0,3.71,1.0,1,Pellet,Left,110,33,33,0,0.55,21.0,
11/20/2024 11:49:21,1.16.3,RevT_R,0,3.71,,1,Left,Left,111,33,33,0,,,0.18
11/20/2024 11:49:22,1.16.3,RevT_R,0,3.71,1.0,1,Pellet,Left,111,33,34,0,0.61,32.0,
11/20/2024 11:49:52,1.16.3,RevT_R,0,3.71,,1,Right,Left,111,34,34,0,,,0.0
11/20/2024 11:50:00,1.16.3,RevT_R,0,3.71,,1,Left,Left,112,34,34,0,,,0.08
11/20/2024 11:50:04,1.16.3,RevT_R,0,3.71,1.0,1,Pellet,Left,112,34,35,0,3.55,42.0,
11/20/2024 12:04:14,1.16.3,RevT_R,0,3.71,,1,Left,Left,113,34,35,0,,,0.05
11/20/2024 12:04:16,1.16.3,RevT_R,0,3.71,1.0,1,Pellet,Left,113,34,36,0,1.34,852.0,
11/20/2024 12:04:51,1.16.3,RevT_R,0,3.71,,1,Left,Left,114,34,36,0,,,0.22
11/20/2024 12:04:52,1.16.3,RevT_R,0,3.71,1.0,1,Pellet,Left,114,34,37,0,0.61,36.0,
11/20/2024 12:06:07,1.16.3,RevT_R,0,3.71,,1,Left,Left,115,34,37,0,,,0.12
11/20/2024 12:06:08,1.16.3,RevT_R,0,3.71,1.0,1,Pellet,Left,115,34,38,0,0.42,76.0,
11/20/2024 12:06:54,1.16.3,RevT_R,0,3.71,,1,Left,Left,116,34,38,0,,,0.12
11/20/2024 12:06:55,1.16.3,RevT_R,0,3.71,2.0,1,Pellet,Left,116,34,39,0,0.61,47.0,
11/20/2024 12:07:54,1.16.3,RevT_R,0,3.71,,1,Left,Left,117,34,39,0,,,0.06
11/20/2024 12:07:55,1.16.3,RevT_R,0,3.71,1.0,1,Pellet,Left,117,34,40,0,0.55,60.0,
11/20/2024 12:11:29,1.16.3,RevT_R,0,3.71,,1,Right,Left,117,35,40,0,,,0.04
11/20/2024 12:34:07,1.16.3,RevT_R,0,3.71,,1,Left,Left,118,35,40,0,,,0.23
11/20/2024 12:34:10,1.16.3,RevT_R,0,3.71,1.0,1,Pellet,Left,118,35,41,0,1.46,1575.0,
11/20/2024 12:34:40,1.16.3,RevT_R,0,3.71,,1,Left,Left,119,35,41,0,,,0.0
11/20/2024 12:34:41,1.16.3,RevT_R,0,3.71,2.0,1,Pellet,Left,119,35,42,0,0.48,31.0,
11/20/2024 12:34:58,1.16.3,RevT_R,0,3.71,,1,Left,Left,120,35,42,0,,,0.12
11/20/2024 12:35:00,1.16.3,RevT_R,0,3.71,2.0,1,Pellet,Left,120,35,43,0,1.28,19.0,
11/20/2024 12:35:21,1.16.3,RevT_R,0,3.71,,1,Left,Left,121,35,43,0,,,0.07
11/20/2024 12:35:22,1.16.3,RevT_R,0,3.71,2.0,1,Pellet,Left,121,35,44,0,0.73,22.0,
11/20/2024 12:35:48,1.16.3,RevT_R,0,3.71,,1,Left,Left,122,35,44,0,,,0.08
11/20/2024 12:35:53,1.16.3,RevT_R,0,3.71,2.0,1,Pellet,Left,122,35,45,0,1.34,31.0,
11/20/2024 12:36:17,1.16.3,RevT_R,0,3.71,,1,Left,Left,123,35,45,0,,,0.05
11/20/2024 12:36:21,1.16.3,RevT_R,0,3.71,1.0,1,Pellet,Left,123,35,46,0,2.57,28.0,
11/20/2024 12:36:43,1.16.3,RevT_R,0,3.71,,1,Left,Left,124,35,46,0,,,0.03
11/20/2024 12:36:44,1.16.3,RevT_R,0,3.71,1.0,1,Pellet,Left,124,35,47,0,0.55,23.0,
11/20/2024 12:38:23,1.16.3,RevT_R,0,3.71,,1,Right,Left,124,36,47,0,,,0.24
11/20/2024 12:51:23,1.16.3,RevT_R,0,3.71,,1,Left,Left,125,36,47,0,,,0.18
11/20/2024 12:51:25,1.16.3,RevT_R,0,3.71,1.0,1,Pellet,Left,125,36,48,0,0.61,881.0,
11/20/2024 12:51:51,1.16.3,RevT_R,0,3.71,,1,Right,Left,125,37,48,0,,,0.34
11/20/2024 12:51:55,1.16.3,RevT_R,0,3.71,,1,Right,Left,125,38,48,0,,,0.22
11/20/2024 12:52:00,1.16.3,RevT_R,0,3.71,,1,Left,Left,126,38,48,0,,,0.08
11/20/2024 12:52:01,1.16.3,RevT_R,0,3.71,1.0,1,Pellet,Left,126,38,49,0,0.42,36.0,
11/20/2024 12:52:23,1.16.3,RevT_R,0,3.71,,1,Left,Left,127,38,49,0,,,0.08
11/20/2024 12:52:25,1.16.3,RevT_R,0,3.71,1.0,1,Pellet,Left,127,38,50,0,0.79,24.0,
11/20/2024 12:52:47,1.16.3,RevT_R,0,3.71,,1,Left,Right,128,38,50,0,,,0.07
11/20/2024 12:52:53,1.16.3,RevT_R,0,3.71,,1,Left,Right,129,38,50,0,,,0.12
11/20/2024 12:52:55,1.16.3,RevT_R,0,3.71,,1,Left,Right,130,38,50,0,,,0.07
11/20/2024 12:52:57,1.16.3,RevT_R,0,3.71,,1,Left,Right,131,38,50,0,,,0.16
11/20/2024 12:53:00,1.16.3,RevT_R,0,3.71,,1,Left,Right,132,38,50,0,,,0.17
11/20/2024 12:53:01,1.16.3,RevT_R,0,3.71,,1,Left,Right,133,38,50,0,,,0.13
11/20/2024 12:53:04,1.16.3,RevT_R,0,3.71,,1,Right,Right,133,39,50,0,,,0.27
11/20/2024 12:53:09,1.16.3,RevT_R,0,3.71,2.0,1,Pellet,Right,133,39,51,0,3.55,44.0,
11/20/2024 12:53:20,1.16.3,RevT_R,0,3.71,,1,Right,Right,133,40,51,0,,,0.08
11/20/2024 12:53:25,1.16.3,RevT_R,0,3.71,2.0,1,Pellet,Right,133,40,52,0,2.32,16.0,
11/20/2024 12:53:59,1.16.3,RevT_R,0,3.71,,1,Right,Right,133,41,52,0,,,0.22
11/20/2024 12:54:02,1.16.3,RevT_R,0,3.71,1.0,1,Pellet,Right,133,41,53,0,2.81,37.0,
11/20/2024 12:54:30,1.16.3,RevT_R,0,3.71,,1,Right,Right,133,42,53,0,,,0.19
11/20/2024 12:54:32,1.16.3,RevT_R,0,3.71,1.0,1,Pellet,Right,133,42,54,0,1.10,30.0,
11/20/2024 12:55:04,1.16.3,RevT_R,0,3.71,,1,Right,Right,133,43,54,0,,,0.18
11/20/2024 12:55:06,1.16.3,RevT_R,0,3.71,1.0,1,Pellet,Right,133,43,55,0,1.95,34.0,
11/20/2024 12:55:28,1.16.3,RevT_R,0,3.71,,1,Right,Right,133,44,55,0,,,0.19
11/20/2024 12:55:33,1.16.3,RevT_R,0,3.71,2.0,1,Pellet,Right,133,44,56,0,2.08,27.0,
11/20/2024 12:55:54,1.16.3,RevT_R,0,3.71,,1,Right,Right,133,45,56,0,,,0.13
11/20/2024 12:55:57,1.16.3,RevT_R,0,3.71,2.0,1,Pellet,Right,133,45,57,0,2.20,24.0,
11/20/2024 13:39:16,1.16.3,RevT_R,0,3.71,,1,Left,Right,134,45,57,0,,,0.28
11/20/2024 13:39:21,1.16.3,RevT_R,0,3.71,,1,Right,Right,134,46,57,0,,,0.21
11/20/2024 13:39:26,1.16.3,RevT_R,0,3.7,1.0,1,Pellet,Right,134,46,58,0,3.61,2609.0,
11/20/2024 13:39:42,1.16.3,RevT_R,0,3.71,,1,Right,Right,134,47,58,0,,,0.0
11/20/2024 13:39:45,1.16.3,RevT_R,0,3.71,1.0,1,Pellet,Right,134,47,59,0,2.26,19.0,
11/20/2024 13:40:03,1.16.3,RevT_R,0,3.71,,1,Right,Right,134,48,59,0,,,0.0
11/20/2024 13:40:07,1.16.3,RevT_R,0,3.71,1.0,1,Pellet,Right,134,48,60,0,2.94,22.0,
11/20/2024 13:40:29,1.16.3,RevT_R,0,3.71,,1,Right,Right,134,49,60,0,,,0.16
11/20/2024 13:40:31,1.16.3,RevT_R,0,3.71,1.0,1,Pellet,Right,134,49,61,0,0.91,24.0,
11/20/2024 13:40:54,1.16.3,RevT_R,0,3.71,,1,Left,Right,135,49,61,0,,,0.07
11/20/2024 13:41:05,1.16.3,RevT_R,0,3.71,,1,Right,Right,135,50,61,0,,,0.19
11/20/2024 13:41:07,1.16.3,RevT_R,0,3.71,1.0,1,Pellet,Right,135,50,62,0,0.97,36.0,
11/20/2024 13:41:26,1.16.3,RevT_R,0,3.71,,1,Right,Right,135,51,62,0,,,0.02
11/20/2024 13:41:28,1.16.3,RevT_R,0,3.71,1.0,1,Pellet,Right,135,51,63,0,1.71,21.0,
11/20/2024 13:41:49,1.16.3,RevT_R,0,3.71,,1,Right,Right,135,52,63,0,,,0.06
11/20/2024 13:41:52,1.16.3,RevT_R,0,3.71,2.0,1,Pellet,Right,135,52,64,0,1.59,24.0,
11/20/2024 13:42:14,1.16.3,RevT_R,0,3.71,,1,Right,Right,135,53,64,0,,,0.23
11/20/2024 13:42:18,1.16.3,RevT_R,0,3.71,1.0,1,Pellet,Right,135,53,65,0,3.37,26.0,
11/20/2024 13:42:52,1.16.3,RevT_R,0,3.71,,1,Right,Right,135,54,65,0,,,0.25
11/20/2024 13:42:57,1.16.3,RevT_R,0,3.71,1.0,1,Pellet,Right,135,54,66,0,3.55,39.0,
11/20/2024 13:43:30,1.16.3,RevT_R,0,3.7,,1,Right,Right,135,55,66,0,,,0.23
11/20/2024 13:43:33,1.16.3,RevT_R,0,3.71,1.0,1,Pellet,Right,135,55,67,0,2.02,36.0,
11/20/2024 13:44:06,1.16.3,RevT_R,0,3.71,,1,Right,Right,135,56,67,0,,,0.04
11/20/2024 13:44:08,1.16.3,RevT_R,0,3.71,1.0,1,Pellet,Right,135,56,68,0,0.91,35.0,
11/20/2024 13:45:41,1.16.3,RevT_R,0,3.71,,1,Right,Right,135,57,68,0,,,0.21
11/20/2024 13:45:45,1.16.3,RevT_R,0,3.71,1.0,1,Pellet,Right,135,57,69,0,3.55,97.0,
11/20/2024 14:08:59,1.16.3,RevT_R,0,3.71,,1,Right,Right,135,58,69,0,,,0.38
11/20/2024 14:09:00,1.16.3,RevT_R,0,3.71,2.0,1,Pellet,Right,135,58,70,0,0.79,1395.0,
11/20/2024 14:30:58,1.16.3,RevT_R,0,3.71,,1,Left,Right,136,58,70,0,,,0.07
11/20/2024 14:31:02,1.16.3,RevT_R,0,3.71,,1,Left,Right,137,58,70,0,,,0.09
11/20/2024 14:31:12,1.16.3,RevT_R,0,3.71,,1,Left,Right,138,58,70,0,,,0.14
11/20/2024 14:31:14,1.16.3,RevT_R,0,3.71,,1,Left,Right,139,58,70,0,,,0.18
11/20/2024 14:31:19,1.16.3,RevT_R,0,3.71,,1,Left,Right,140,58,70,0,,,0.25
11/20/2024 14:31:21,1.16.3,RevT_R,0,3.71,,1,Left,Right,141,58,70,0,,,0.52
11/20/2024 14:31:22,1.16.3,RevT_R,0,3.7,,1,Left,Right,142,58,70,0,,,0.17
11/20/2024 14:31:26,1.16.3,RevT_R,0,3.71,,1,Left,Right,143,58,70,0,,,0.25
11/20/2024 14:31:27,1.16.3,RevT_R,0,3.71,,1,Left,Right,144,58,70,0,,,0.23
11/20/2024 14:31:30,1.16.3,RevT_R,0,3.71,,1,Right,Right,144,59,70,0,,,0.1
11/20/2024 14:31:33,1.16.3,RevT_R,0,3.71,1.0,1,Pellet,Right,144,59,71,0,1.58,1353.0,
11/20/2024 14:31:54,1.16.3,RevT_R,0,3.71,,1,Right,Right,144,60,71,0,,,0.06
11/20/2024 14:31:57,1.16.3,RevT_R,0,3.69,1.0,1,Pellet,Right,144,60,72,0,2.14,24.0,
11/20/2024 14:32:16,1.16.3,RevT_R,0,3.71,,1,Right,Right,144,61,72,0,,,0.33
11/20/2024 14:32:24,1.16.3,RevT_R,0,3.71,1.0,1,Pellet,Right,144,61,73,0,6.80,27.0,
11/20/2024 14:32:47,1.16.3,RevT_R,0,3.71,,1,Right,Right,144,62,73,0,,,0.28
11/20/2024 14:32:49,1.16.3,RevT_R,0,3.71,1.0,1,Pellet,Right,144,62,74,0,1.77,25.0,
11/20/2024 14:33:16,1.16.3,RevT_R,0,3.71,,1,Right,Right,144,63,74,0,,,0.12
11/20/2024 14:33:18,1.16.3,RevT_R,0,3.71,2.0,1,Pellet,Right,144,63,75,0,0.67,29.0,
11/20/2024 14:34:02,1.16.3,RevT_R,0,3.7,,1,Right,Left,144,64,75,0,,,0.08
11/20/2024 14:34:02,1.16.3,RevT_R,0,3.71,,1,Right,Left,144,65,75,0,,,0.09
11/20/2024 14:34:07,1.16.3,RevT_R,0,3.71,,1,Right,Left,144,66,75,0,,,0.25
11/20/2024 14:34:10,1.16.3,RevT_R,0,3.71,,1,Right,Left,144,67,75,0,,,0.32
11/20/2024 14:58:26,1.16.3,RevT_R,0,3.71,,1,Right,Left,144,68,75,0,,,0.17
11/20/2024 14:58:32,1.16.3,RevT_R,0,3.71,,1,Right,Left,144,69,75,0,,,0.0
11/20/2024 14:58:35,1.16.3,RevT_R,0,3.71,,1,Right,Left,144,70,75,0,,,0.11
11/20/2024 14:58:41,1.16.3,RevT_R,0,3.71,,1,Right,Left,144,71,75,0,,,0.16
11/20/2024 14:58:45,1.16.3,RevT_R,0,3.71,,1,Right,Left,144,72,75,0,,,0.26
11/20/2024 14:58:46,1.16.3,RevT_R,0,3.71,,1,Right,Left,144,73,75,0,,,0.44
11/20/2024 14:58:48,1.16.3,RevT_R,0,3.71,,1,Right,Left,144,74,75,0,,,0.28
11/20/2024 14:58:52,1.16.3,RevT_R,0,3.71,,1,Right,Left,144,75,75,0,,,0.27
11/20/2024 14:58:53,1.16.3,RevT_R,0,3.71,,1,Right,Left,144,76,75,0,,,0.27
11/20/2024 14:59:00,1.16.3,RevT_R,0,3.7,,1,Right,Left,144,77,75,0,,,0.59
11/20/2024 14:59:02,1.16.3,RevT_R,0,3.71,,1,Right,Left,144,78,75,0,,,1.31
11/20/2024 14:59:03,1.16.3,RevT_R,0,3.71,,1,Right,Left,144,79,75,0,,,0.0
11/20/2024 14:59:06,1.16.3,RevT_R,0,3.71,,1,Right,Left,144,80,75,0,,,0.57
11/20/2024 14:59:09,1.16.3,RevT_R,0,3.71,,1,Right,Left,144,81,75,0,,,0.33
11/20/2024 14:59:12,1.16.3,RevT_R,0,3.71,,1,Right,Left,144,82,75,0,,,0.62
11/20/2024 14:59:21,1.16.3,RevT_R,0,3.71,,1,Left,Left,145,82,75,0,,,0.34
11/20/2024 14:59:22,1.16.3,RevT_R,0,3.71,1.0,1,Pellet,Left,145,82,76,0,0.67,1564.0,
11/20/2024 14:59:54,1.16.3,RevT_R,0,3.71,,1,Left,Left,146,82,76,0,,,0.23
11/20/2024 14:59:56,1.16.3,RevT_R,0,3.71,1.0,1,Pellet,Left,146,82,77,0,0.79,34.0,
11/20/2024 15:00:19,1.16.3,RevT_R,0,3.71,,1,Left,Left,147,82,77,0,,,0.07
11/20/2024 15:00:22,1.16.3,RevT_R,0,3.71,2.0,1,Pellet,Left,147,82,78,0,0.67,26.0,
11/20/2024 15:00:58,1.16.3,RevT_R,0,3.71,,1,Left,Left,148,82,78,0,,,0.03
11/20/2024 15:00:59,1.16.3,RevT_R,0,3.71,2.0,1,Pellet,Left,148,82,79,0,0.42,37.0,
11/20/2024 15:01:33,1.16.3,RevT_R,0,3.71,,1,Left,Left,149,82,79,0,,,0.09
11/20/2024 15:01:34,1.16.3,RevT_R,0,3.71,1.0,1,Pellet,Left,149,82,80,0,0.67,35.0,
11/20/2024 15:02:01,1.16.3,RevT_R,0,3.71,,1,Left,Left,150,82,80,0,,,0.02
11/20/2024 15:02:03,1.16.3,RevT_R,0,3.7,1.0,1,Pellet,Left,150,82,81,0,1.65,29.0,
11/20/2024 15:02:22,1.16.3,RevT_R,0,3.71,,1,Left,Left,151,82,81,0,,,0.03
11/20/2024 15:02:24,1.16.3,RevT_R,0,3.71,2.0,1,Pellet,Left,151,82,82,0,0.97,21.0,
11/20/2024 15:02:59,1.16.3,RevT_R,0,3.7,,1,Right,Left,151,83,82,0,,,0.01
11/20/2024 15:03:03,1.16.3,RevT_R,0,3.7,,1,Left,Left,152,83,82,0,,,0.12
11/20/2024 15:03:05,1.16.3,RevT_R,0,3.71,1.0,1,Pellet,Left,152,83,83,0,0.48,41.0,
11/20/2024 15:03:43,1.16.3,RevT_R,0,3.71,,1,Left,Left,153,83,83,0,,,0.2
11/20/2024 15:03:44,1.16.3,RevT_R,0,3.71,1.0,1,Pellet,Left,153,83,84,0,0.55,39.0,
11/20/2024 15:26:46,1.16.3,RevT_R,0,3.71,,1,Left,Left,154,83,84,0,,,0.02
11/20/2024 15:26:48,1.16.3,RevT_R,0,3.71,1.0,1,Pellet,Left,154,83,85,0,0.91,1384.0,
11/20/2024 15:29:58,1.16.3,RevT_R,0,3.71,,1,Right,Left,154,84,85,0,,,0.01
11/20/2024 15:35:10,1.16.3,RevT_R,0,3.7,,1,Left,Left,155,84,85,0,,,0.05
11/20/2024 15:35:13,1.16.3,RevT_R,0,3.71,1.0,1,Pellet,Left,155,84,86,0,1.83,505.0,
11/20/2024 15:35:39,1.16.3,RevT_R,0,3.71,,1,Left,Left,156,84,86,0,,,0.16
11/20/2024 15:35:41,1.16.3,RevT_R,0,3.71,1.0,1,Pellet,Left,156,84,87,0,0.67,28.0,
11/20/2024 15:49:04,1.16.3,RevT_R,0,3.71,,1,Left,Left,157,84,87,0,,,0.11
11/20/2024 15:49:06,1.16.3,RevT_R,0,3.71,1.0,1,Pellet,Left,157,84,88,0,0.85,805.0,
11/20/2024 16:01:45,1.16.3,RevT_R,0,3.71,,1,Left,Left,158,84,88,0,,,0.02
11/20/2024 16:01:46,1.16.3,RevT_R,0,3.71,1.0,1,Pellet,Left,158,84,89,0,1.03,760.0,
11/20/2024 16:02:33,1.16.3,RevT_R,0,3.71,,1,Right,Left,158,85,89,0,,,0.26
11/20/2024 16:02:40,1.16.3,RevT_R,0,3.71,,1,Left,Left,159,85,89,0,,,0.08
11/20/2024 16:02:41,1.16.3,RevT_R,0,3.71,1.0,1,Pellet,Left,159,85,90,0,0.48,55.0,
11/20/2024 16:03:39,1.16.3,RevT_R,0,3.71,,1,Left,Left,160,85,90,0,,,0.13
11/20/2024 16:03:40,1.16.3,RevT_R,0,3.7,1.0,1,Pellet,Left,160,85,91,0,0.67,59.0,
11/20/2024 16:11:25,1.16.3,RevT_R,0,3.7,,1,Right,Left,160,86,91,0,,,0.06
11/20/2024 16:11:32,1.16.3,RevT_R,0,3.69,,1,Right,Left,160,87,91,0,,,0.0
11/20/2024 16:11:37,1.16.3,RevT_R,0,3.7,,1,Right,Left,160,88,91,0,,,0.03
11/20/2024 16:11:44,1.16.3,RevT_R,0,3.7,,1,Left,Left,161,88,91,0,,,0.17
11/20/2024 16:11:46,1.16.3,RevT_R,0,3.71,1.0,1,Pellet,Left,161,88,92,0,0.55,486.0,
11/20/2024 16:12:11,1.16.3,RevT_R,0,3.71,,1,Left,Left,162,88,92,0,,,0.16
11/20/2024 16:12:12,1.16.3,RevT_R,0,3.71,1.0,1,Pellet,Left,162,88,93,0,0.91,26.0,
11/20/2024 16:12:36,1.16.3,RevT_R,0,3.71,,1,Left,Left,163,88,93,0,,,0.09
11/20/2024 16:12:38,1.16.3,RevT_R,0,3.71,1.0,1,Pellet,Left,163,88,94,0,0.73,26.0,
11/20/2024 16:13:04,1.16.3,RevT_R,0,3.71,,1,Left,Left,164,88,94,0,,,0.02
11/20/2024 16:13:05,1.16.3,RevT_R,0,3.71,1.0,1,Pellet,Left,164,88,95,0,0.55,27.0,
11/20/2024 16:13:27,1.16.3,RevT_R,0,3.7,,1,Left,Left,165,88,95,0,,,0.02
11/20/2024 16:13:28,1.16.3,RevT_R,0,3.7,2.0,1,Pellet,Left,165,88,96,0,0.48,23.0,
11/20/2024 16:13:56,1.16.3,RevT_R,0,3.71,,1,Left,Left,166,88,96,0,,,0.14
11/20/2024 16:13:57,1.16.3,RevT_R,0,3.71,1.0,1,Pellet,Left,166,88,97,0,0.79,29.0,
11/20/2024 16:33:21,1.16.3,RevT_R,0,3.71,,1,Right,Left,166,89,97,0,,,0.04
11/20/2024 16:33:26,1.16.3,RevT_R,0,3.71,,1,Right,Left,166,90,97,0,,,0.38
11/20/2024 16:33:31,1.16.3,RevT_R,0,3.7,,1,Right,Left,166,91,97,0,,,0.33
11/20/2024 16:33:35,1.16.3,RevT_R,0,3.71,,1,Right,Left,166,92,97,0,,,0.19
11/20/2024 16:33:41,1.16.3,RevT_R,0,3.7,,1,Left,Left,167,92,97,0,,,0.06
11/20/2024 16:33:43,1.16.3,RevT_R,0,3.7,1.0,1,Pellet,Left,167,92,98,0,0.97,1186.0,
11/20/2024 16:34:10,1.16.3,RevT_R,0,3.71,,1,Left,Left,168,92,98,0,,,0.11
11/20/2024 16:34:12,1.16.3,RevT_R,0,3.71,1.0,1,Pellet,Left,168,92,99,0,0.85,29.0,
11/20/2024 16:34:52,1.16.3,RevT_R,0,3.7,,1,Left,Left,169,92,99,0,,,0.17
11/20/2024 16:34:53,1.16.3,RevT_R,0,3.71,1.0,1,Pellet,Left,169,92,100,0,0.55,41.0,
11/20/2024 17:14:27,1.16.3,RevT_R,0,3.71,,1,Left,Right,170,92,100,0,,,0.17
11/20/2024 17:14:51,1.16.3,RevT_R,0,3.7,,1,Right,Right,170,93,100,0,,,0.24
11/20/2024 17:14:56,1.16.3,RevT_R,0,3.7,1.0,1,Pellet,Right,170,93,101,0,4.16,2403.0,
11/20/2024 17:15:49,1.16.3,RevT_R,0,3.7,,1,Left,Right,171,93,101,0,,,0.07
11/20/2024 17:15:57,1.16.3,RevT_R,0,3.7,,1,Left,Right,172,93,101,0,,,0.05
11/20/2024 17:16:04,1.16.3,RevT_R,0,3.7,,1,Left,Right,173,93,101,0,,,0.22
11/20/2024 17:37:40,1.16.3,RevT_R,0,3.7,,1,Right,Right,173,94,101,0,,,0.27
11/20/2024 17:37:44,1.16.3,RevT_R,0,3.71,1.0,1,Pellet,Right,173,94,102,0,2.50,1367.0,
11/20/2024 17:38:23,1.16.3,RevT_R,0,3.7,,1,Left,Right,174,94,102,0,,,0.2
11/20/2024 17:38:29,1.16.3,RevT_R,0,3.7,,1,Left,Right,175,94,102,0,,,0.22
11/20/2024 17:38:32,1.16.3,RevT_R,0,3.7,,1,Left,Right,176,94,102,0,,,0.51
11/20/2024 17:38:34,1.16.3,RevT_R,0,3.7,,1,Left,Right,177,94,102,0,,,0.25
11/20/2024 17:38:36,1.16.3,RevT_R,0,3.7,,1,Left,Right,178,94,102,0,,,0.21
11/20/2024 17:38:37,1.16.3,RevT_R,0,3.7,,1,Left,Right,179,94,102,0,,,0.17
11/20/2024 17:38:40,1.16.3,RevT_R,0,3.7,,1,Right,Right,179,95,102,0,,,0.19
11/20/2024 17:38:42,1.16.3,RevT_R,0,3.7,2.0,1,Pellet,Right,179,95,103,0,1.46,59.0,
11/20/2024 17:38:59,1.16.3,RevT_R,0,3.7,,1,Right,Right,179,96,103,0,,,0.23
11/20/2024 17:39:02,1.16.3,RevT_R,0,3.7,2.0,1,Pellet,Right,179,96,104,0,1.77,20.0,
11/20/2024 17:39:23,1.16.3,RevT_R,0,3.7,,1,Right,Right,179,97,104,0,,,0.29
11/20/2024 17:39:26,1.16.3,RevT_R,0,3.71,1.0,1,Pellet,Right,179,97,105,0,1.95,24.0,
11/20/2024 17:39:47,1.16.3,RevT_R,0,3.7,,1,Right,Right,179,98,105,0,,,0.28
11/20/2024 17:39:51,1.16.3,RevT_R,0,3.69,1.0,1,Pellet,Right,179,98,106,0,2.51,25.0,
11/20/2024 17:40:17,1.16.3,RevT_R,0,3.7,,1,Right,Right,179,99,106,0,,,0.37
11/20/2024 17:40:19,1.16.3,RevT_R,0,3.69,1.0,1,Pellet,Right,179,99,107,0,2.14,28.0,
11/20/2024 17:41:23,1.16.3,RevT_R,0,3.7,,1,Right,Right,179,100,107,0,,,0.5
11/20/2024 17:41:25,1.16.3,RevT_R,0,3.7,1.0,1,Pellet,Right,179,100,108,0,1.03,66.0,
11/20/2024 17:42:41,1.16.3,RevT_R,0,3.7,,1,Right,Right,179,101,108,0,,,0.34
11/20/2024 17:42:47,1.16.3,RevT_R,0,3.7,1.0,1,Pellet,Right,179,101,109,0,5.51,82.0,
11/20/2024 18:12:21,1.16.3,RevT_R,0,3.7,,1,Right,Right,179,102,109,0,,,0.11
11/20/2024 18:12:26,1.16.3,RevT_R,0,3.69,1.0,1,Pellet,Right,179,102,110,0,3.98,1779.0,
11/20/2024 18:13:04,1.16.3,RevT_R,0,3.7,,1,Right,Right,179,103,110,0,,,0.1
11/20/2024 18:13:06,1.16.3,RevT_R,0,3.69,2.0,1,Pellet,Right,179,103,111,0,0.48,40.0,
11/20/2024 18:13:29,1.16.3,RevT_R,0,3.7,,1,Right,Right,179,104,111,0,,,0.03
11/20/2024 18:13:31,1.16.3,RevT_R,0,3.7,2.0,1,Pellet,Right,179,104,112,0,1.28,25.0,
11/20/2024 18:13:50,1.16.3,RevT_R,0,3.69,,1,Right,Right,179,105,112,0,,,0.15
11/20/2024 18:13:54,1.16.3,RevT_R,0,3.7,1.0,1,Pellet,Right,179,105,113,0,3.12,23.0,
11/20/2024 18:14:20,1.16.3,RevT_R,0,3.7,,1,Right,Right,179,106,113,0,,,0.22
11/20/2024 18:14:27,1.16.3,RevT_R,0,3.71,3.0,1,Pellet,Right,179,106,114,0,2.14,33.0,
11/20/2024 18:15:00,1.16.3,RevT_R,0,3.7,,1,Right,Right,179,107,114,0,,,0.07
11/20/2024 18:15:03,1.16.3,RevT_R,0,3.7,2.0,1,Pellet,Right,179,107,115,0,1.77,36.0,
11/20/2024 18:15:41,1.16.3,RevT_R,0,3.71,,1,Right,Right,179,108,115,0,,,0.24
11/20/2024 18:15:43,1.16.3,RevT_R,0,3.7,1.0,1,Pellet,Right,179,108,116,0,0.97,40.0,
11/20/2024 18:34:09,1.16.3,RevT_R,0,3.69,,1,Left,Right,180,108,116,0,,,0.08
11/20/2024 18:40:16,1.16.3,RevT_R,0,3.69,,1,Right,Right,180,109,116,0,,,0.11
11/20/2024 18:40:19,1.16.3,RevT_R,0,3.7,1.0,1,Pellet,Right,180,109,117,0,1.52,1476.0,
11/20/2024 18:40:56,1.16.3,RevT_R,0,3.7,,1,Right,Right,180,110,117,0,,,0.19
11/20/2024 18:40:58,1.16.3,RevT_R,0,3.7,2.0,1,Pellet,Right,180,110,118,0,1.58,39.0,
11/20/2024 19:04:22,1.16.3,RevT_R,0,3.7,,1,Right,Right,180,111,118,0,,,0.15
11/20/2024 19:04:24,1.16.3,RevT_R,0,3.69,1.0,1,Pellet,Right,180,111,119,0,1.65,1406.0,
11/20/2024 19:04:59,1.16.3,RevT_R,0,3.69,,1,Right,Right,180,112,119,0,,,0.21
11/20/2024 19:05:02,1.16.3,RevT_R,0,3.69,1.0,1,Pellet,Right,180,112,120,0,1.46,38.0,
11/20/2024 19:05:41,1.16.3,RevT_R,0,3.7,,1,Right,Right,180,113,120,0,,,0.15
11/20/2024 19:05:44,1.16.3,RevT_R,0,3.69,1.0,1,Pellet,Right,180,113,121,0,2.08,42.0,
11/20/2024 19:15:02,1.16.3,RevT_R,0,3.7,,1,Right,Right,180,114,121,0,,,0.08
11/20/2024 19:15:05,1.16.3,RevT_R,0,3.69,1.0,1,Pellet,Right,180,114,122,0,1.71,561.0,
11/20/2024 19:15:40,1.16.3,RevT_R,0,3.7,,1,Right,Right,180,115,122,0,,,0.08
11/20/2024 19:15:43,1.16.3,RevT_R,0,3.69,1.0,1,Pellet,Right,180,115,123,0,1.77,38.0,
11/20/2024 19:16:15,1.16.3,RevT_R,0,3.69,,1,Right,Right,180,116,123,0,,,0.23
11/20/2024 19:16:18,1.16.3,RevT_R,0,3.69,1.0,1,Pellet,Right,180,116,124,0,1.71,35.0,
11/20/2024 19:16:54,1.16.3,RevT_R,0,3.7,,1,Right,Right,180,117,124,0,,,0.19
11/20/2024 19:16:56,1.16.3,RevT_R,0,3.7,1.0,1,Pellet,Right,180,117,125,0,1.52,38.0,
11/20/2024 19:40:12,1.16.3,RevT_R,0,3.69,,1,Right,Left,180,118,125,0,,,0.04
11/20/2024 20:45:48,1.16.3,RevT_R,0,3.7,,1,Left,Left,181,118,125,0,,,0.02
11/20/2024 20:45:52,1.16.3,RevT_R,0,3.69,,1,RightWithPellet,Left,181,119,125,0,,,0.07
11/20/2024 20:45:54,1.16.3,RevT_R,0,3.7,2.0,1,Pellet,Left,181,119,126,0,3.06,5338.0,
11/20/2024 20:46:24,1.16.3,RevT_R,0,3.69,,1,Right,Left,181,120,126,0,,,0.05
11/20/2024 20:46:28,1.16.3,RevT_R,0,3.7,,1,Right,Left,181,121,126,0,,,0.14
11/20/2024 20:46:31,1.16.3,RevT_R,0,3.69,,1,Right,Left,181,122,126,0,,,0.24
11/20/2024 20:46:42,1.16.3,RevT_R,0,3.69,,1,Right,Left,181,123,126,0,,,0.02
11/20/2024 20:46:49,1.16.3,RevT_R,0,3.7,,1,Right,Left,181,124,126,0,,,0.17
11/20/2024 20:46:50,1.16.3,RevT_R,0,3.69,,1,Right,Left,181,125,126,0,,,0.15
11/20/2024 20:46:52,1.16.3,RevT_R,0,3.69,,1,Right,Left,181,126,126,0,,,0.25
11/20/2024 20:46:54,1.16.3,RevT_R,0,3.69,,1,Right,Left,181,127,126,0,,,0.39
11/20/2024 20:46:55,1.16.3,RevT_R,0,3.7,,1,Right,Left,181,128,126,0,,,0.3
11/20/2024 20:46:57,1.16.3,RevT_R,0,3.7,,1,Right,Left,181,129,126,0,,,0.11
11/20/2024 20:47:00,1.16.3,RevT_R,0,3.69,,1,Right,Left,181,130,126,0,,,0.29
11/20/2024 20:47:05,1.16.3,RevT_R,0,3.69,,1,Right,Left,181,131,126,0,,,0.16
11/20/2024 20:47:13,1.16.3,RevT_R,0,3.69,,1,Left,Left,182,131,126,0,,,0.26
11/20/2024 20:47:16,1.16.3,RevT_R,0,3.7,,1,LeftDuringDispense,Left,183,131,126,0,,,0.07
11/20/2024 20:47:18,1.16.3,RevT_R,0,3.69,,1,LeftWithPellet,Left,184,131,126,0,,,0.27
11/20/2024 20:47:24,1.16.3,RevT_R,0,3.69,,1,LeftWithPellet,Left,185,131,126,0,,,0.1
11/20/2024 20:47:26,1.16.3,RevT_R,0,3.7,2.0,1,Pellet,Left,185,131,127,0,10.40,92.0,
11/20/2024 20:47:47,1.16.3,RevT_R,0,3.69,,1,Left,Left,186,131,127,0,,,0.19
11/20/2024 20:47:50,1.16.3,RevT_R,0,3.69,2.0,1,Pellet,Left,186,131,128,0,1.95,24.0,
11/20/2024 20:48:52,1.16.3,RevT_R,0,3.69,,1,Right,Left,186,132,128,0,,,0.15
11/20/2024 20:48:54,1.16.3,RevT_R,0,3.69,,1,Right,Left,186,133,128,0,,,0.16
11/20/2024 20:49:00,1.16.3,RevT_R,0,3.7,,1,Left,Left,187,133,128,0,,,0.29
11/20/2024 20:49:02,1.16.3,RevT_R,0,3.7,2.0,1,Pellet,Left,187,133,129,0,0.73,72.0,
11/20/2024 21:28:09,1.16.3,RevT_R,0,3.69,,1,Right,Left,187,134,129,0,,,0.0
11/20/2024 21:28:13,1.16.3,RevT_R,0,3.69,,1,Right,Left,187,135,129,0,,,0.28
11/20/2024 21:28:16,1.16.3,RevT_R,0,3.69,,1,Right,Left,187,136,129,0,,,0.04
11/20/2024 21:28:24,1.16.3,RevT_R,0,3.69,,1,Left,Left,188,136,129,0,,,0.23
11/20/2024 21:28:26,1.16.3,RevT_R,0,3.69,2.0,1,Pellet,Left,188,136,130,0,0.85,2364.0,
11/20/2024 21:28:53,1.16.3,RevT_R,0,3.69,,1,Right,Left,188,137,130,0,,,0.16
11/20/2024 21:28:56,1.16.3,RevT_R,0,3.69,,1,Left,Left,189,137,130,0,,,0.1
11/20/2024 21:28:58,1.16.3,RevT_R,0,3.69,1.0,1,Pellet,Left,189,137,131,0,0.67,32.0,
11/20/2024 21:29:26,1.16.3,RevT_R,0,3.69,,1,Left,Left,190,137,131,0,,,0.13
11/20/2024 21:29:28,1.16.3,RevT_R,0,3.69,1.0,1,Pellet,Left,190,137,132,0,0.55,30.0,
11/20/2024 21:29:50,1.16.3,RevT_R,0,3.69,,1,Left,Left,191,137,132,0,,,0.07
11/20/2024 21:29:53,1.16.3,RevT_R,0,3.7,1.0,1,Pellet,Left,191,137,133,0,1.65,24.0,
11/20/2024 21:30:23,1.16.3,RevT_R,0,3.7,,1,Left,Left,192,137,133,0,,,0.13
11/20/2024 21:30:25,1.16.3,RevT_R,0,3.69,2.0,1,Pellet,Left,192,137,134,0,0.55,33.0,
11/20/2024 21:30:43,1.16.3,RevT_R,0,3.69,,1,Right,Left,192,138,134,0,,,0.29
11/20/2024 21:30:51,1.16.3,RevT_R,0,3.7,,1,Left,Left,193,138,134,0,,,0.14
11/20/2024 21:30:52,1.16.3,RevT_R,0,3.68,1.0,1,Pellet,Left,193,138,135,0,0.55,27.0,
11/20/2024 21:53:44,1.16.3,RevT_R,0,3.69,,1,Right,Left,193,139,135,0,,,0.08
11/20/2024 21:53:46,1.16.3,RevT_R,0,3.69,,1,Right,Left,193,140,135,0,,,0.13
11/20/2024 21:53:54,1.16.3,RevT_R,0,3.69,,1,Right,Left,193,141,135,0,,,0.28
11/20/2024 22:35:51,1.16.3,RevT_R,0,3.69,,1,Right,Left,193,142,135,0,,,0.33
11/20/2024 22:35:53,1.16.3,RevT_R,0,3.69,,1,Right,Left,193,143,135,0,,,0.01
11/20/2024 22:35:57,1.16.3,RevT_R,0,3.7,,1,Right,Left,193,144,135,0,,,0.12
11/20/2024 22:35:59,1.16.3,RevT_R,0,3.69,,1,Left,Left,194,144,135,0,,,0.21
11/20/2024 22:36:01,1.16.3,RevT_R,0,3.69,1.0,1,Pellet,Left,194,144,136,0,0.91,3909.0,
11/20/2024 22:39:21,1.16.3,RevT_R,0,3.69,,1,Right,Left,194,145,136,0,,,0.19
11/20/2024 22:39:31,1.16.3,RevT_R,0,3.69,,1,Right,Left,194,146,136,0,,,0.04
11/20/2024 23:54:51,1.16.3,RevT_R,0,3.69,,1,Right,Left,194,147,136,0,,,0.31
11/20/2024 23:54:53,1.16.3,RevT_R,0,3.69,,1,Right,Left,194,148,136,0,,,0.16
11/20/2024 23:54:56,1.16.3,RevT_R,0,3.69,,1,Left,Left,195,148,136,0,,,0.26
11/20/2024 23:54:58,1.16.3,RevT_R,0,3.69,1.0,1,Pellet,Left,195,148,137,0,0.48,4736.0,
11/20/2024 23:55:41,1.16.3,RevT_R,0,3.69,,1,Left,Left,196,148,137,0,,,0.05
11/20/2024 23:55:42,1.16.3,RevT_R,0,3.69,1.0,1,Pellet,Left,196,148,138,0,0.73,45.0,
11/20/2024 23:56:13,1.16.3,RevT_R,0,3.69,,1,Left,Left,197,148,138,0,,,0.03
11/20/2024 23:56:14,1.16.3,RevT_R,0,3.69,1.0,1,Pellet,Left,197,148,139,0,0.49,32.0,
11/20/2024 23:57:36,1.16.3,RevT_R,0,3.69,,1,Left,Left,198,148,139,0,,,0.14
11/20/2024 23:57:37,1.16.3,RevT_R,0,3.69,1.0,1,Pellet,Left,198,148,140,0,0.85,83.0,
11/21/2024 0:52:46,1.16.3,RevT_R,0,3.69,,1,Right,Left,198,149,140,0,,,0.5
11/21/2024 1:21:55,1.16.3,RevT_R,0,3.69,,1,Right,Left,198,150,140,0,,,0.37
11/21/2024 1:21:57,1.16.3,RevT_R,0,3.69,,1,Right,Left,198,151,140,0,,,0.28
11/21/2024 1:22:07,1.16.3,RevT_R,0,3.69,,1,Right,Left,198,152,140,0,,,0.26
11/21/2024 1:22:16,1.16.3,RevT_R,0,3.69,,1,Left,Left,199,152,140,0,,,0.06
11/21/2024 1:22:17,1.16.3,RevT_R,0,3.69,1.0,1,Pellet,Left,199,152,141,0,0.55,5080.0,
11/21/2024 1:22:47,1.16.3,RevT_R,0,3.69,,1,Left,Left,200,152,141,0,,,0.17
11/21/2024 1:22:48,1.16.3,RevT_R,0,3.69,1.0,1,Pellet,Left,200,152,142,0,0.61,31.0,
11/21/2024 1:23:14,1.16.3,RevT_R,0,3.69,,1,Right,Left,200,153,142,0,,,0.11
11/21/2024 1:24:16,1.16.3,RevT_R,0,3.69,,1,Left,Left,201,153,142,0,,,0.03
11/21/2024 1:24:17,1.16.3,RevT_R,0,3.69,1.0,1,Pellet,Left,201,153,143,0,0.85,89.0,
11/21/2024 1:24:49,1.16.3,RevT_R,0,3.69,,1,Right,Left,201,154,143,0,,,0.25
11/21/2024 1:24:52,1.16.3,RevT_R,0,3.69,,1,Right,Left,201,155,143,0,,,0.01
11/21/2024 1:24:57,1.16.3,RevT_R,0,3.69,,1,Right,Left,201,156,143,0,,,0.52
11/21/2024 2:30:27,1.16.3,RevT_R,0,3.69,,1,Left,Left,202,156,143,0,,,0.09
11/21/2024 2:30:29,1.16.3,RevT_R,0,3.69,1.0,1,Pellet,Left,202,156,144,0,0.85,3972.0,
11/21/2024 3:16:39,1.16.3,RevT_R,0,3.69,,1,Right,Left,202,157,144,0,,,0.71
11/21/2024 3:16:52,1.16.3,RevT_R,0,3.69,,1,Right,Left,202,158,144,0,,,0.19
11/21/2024 3:17:01,1.16.3,RevT_R,0,3.69,,1,Right,Left,202,159,144,0,,,0.14
11/21/2024 3:55:17,1.16.3,RevT_R,0,3.69,,1,Right,Left,202,160,144,0,,,0.07
11/21/2024 3:55:21,1.16.3,RevT_R,0,3.69,,1,Right,Left,202,161,144,0,,,0.35
11/21/2024 3:55:25,1.16.3,RevT_R,0,3.69,,1,Right,Left,202,162,144,0,,,0.29
11/21/2024 3:55:26,1.16.3,RevT_R,0,3.69,,1,Right,Left,202,163,144,0,,,0.01
11/21/2024 3:55:32,1.16.3,RevT_R,0,3.69,,1,Right,Left,202,164,144,0,,,0.48
11/21/2024 3:55:35,1.16.3,RevT_R,0,3.69,,1,Right,Left,202,165,144,0,,,0.73
11/21/2024 3:55:42,1.16.3,RevT_R,0,3.69,,1,Right,Left,202,166,144,0,,,0.17
11/21/2024 3:55:45,1.16.3,RevT_R,0,3.69,,1,Left,Left,203,166,144,0,,,0.3
11/21/2024 3:55:47,1.16.3,RevT_R,0,3.69,1.0,1,Pellet,Left,203,166,145,0,0.67,5118.0,
11/21/2024 3:56:21,1.16.3,RevT_R,0,3.69,,1,Left,Left,204,166,145,0,,,0.2
11/21/2024 3:56:23,1.16.3,RevT_R,0,3.69,1.0,1,Pellet,Left,204,166,146,0,1.28,36.0,
11/21/2024 3:56:45,1.16.3,RevT_R,0,3.68,,1,Left,Left,205,166,146,0,,,0.15
11/21/2024 3:56:46,1.16.3,RevT_R,0,3.69,1.0,1,Pellet,Left,205,166,147,0,0.48,23.0,
11/21/2024 3:57:35,1.16.3,RevT_R,0,3.68,,1,Left,Left,206,166,147,0,,,0.24
11/21/2024 3:57:36,1.16.3,RevT_R,0,3.69,2.0,1,Pellet,Left,206,166,148,0,0.36,50.0,
11/21/2024 3:58:06,1.16.3,RevT_R,0,3.69,,1,Left,Left,207,166,148,0,,,0.01
11/21/2024 3:58:07,1.16.3,RevT_R,0,3.69,1.0,1,Pellet,Left,207,166,149,0,0.67,31.0,
11/21/2024 3:58:36,1.16.3,RevT_R,0,3.68,,1,Left,Left,208,166,149,0,,,0.04
11/21/2024 3:58:37,1.16.3,RevT_R,0,3.69,1.0,1,Pellet,Left,208,166,150,0,0.42,30.0,
11/21/2024 3:59:17,1.16.3,RevT_R,0,3.68,,1,Right,Right,208,167,150,0,,,0.4
11/21/2024 3:59:18,1.16.3,RevT_R,0,3.69,1.0,1,Pellet,Right,208,167,151,0,1.10,41.0,
11/21/2024 5:06:34,1.16.3,RevT_R,0,3.68,,1,Right,Right,208,168,151,0,,,0.08
11/21/2024 5:06:37,1.16.3,RevT_R,0,3.68,1.0,1,Pellet,Right,208,168,152,0,2.63,4039.0,
11/21/2024 5:07:21,1.16.3,RevT_R,0,3.69,,1,Left,Right,209,168,152,0,,,0.06
11/21/2024 5:07:26,1.16.3,RevT_R,0,3.69,,1,Left,Right,210,168,152,0,,,0.08
11/21/2024 5:07:34,1.16.3,RevT_R,0,3.68,,1,Right,Right,210,169,152,0,,,0.24
11/21/2024 5:07:36,1.16.3,RevT_R,0,3.69,1.0,1,Pellet,Right,210,169,153,0,0.97,59.0,
11/21/2024 5:08:23,1.16.3,RevT_R,0,3.68,,1,Right,Right,210,170,153,0,,,0.23
11/21/2024 5:08:25,1.16.3,RevT_R,0,3.69,1.0,1,Pellet,Right,210,170,154,0,1.65,49.0,
11/21/2024 6:05:18,1.16.3,RevT_R,0,3.68,,1,Right,Right,210,171,154,0,,,0.48
11/21/2024 6:05:22,1.16.3,RevT_R,0,3.69,2.0,1,Pellet,Right,210,171,155,0,3.00,3417.0,
11/21/2024 6:05:52,1.16.3,RevT_R,0,3.69,,1,Right,Right,210,172,155,0,,,0.29
11/21/2024 6:05:57,1.16.3,RevT_R,0,3.69,2.0,1,Pellet,Right,210,172,156,0,1.28,35.0,
11/21/2024 6:06:25,1.16.3,RevT_R,0,3.68,,1,Right,Right,210,173,156,0,,,0.03
11/21/2024 6:06:27,1.16.3,RevT_R,0,3.69,1.0,1,Pellet,Right,210,173,157,0,1.28,30.0,
11/21/2024 6:06:53,1.16.3,RevT_R,0,3.68,,1,Right,Right,210,174,157,0,,,0.23
11/21/2024 6:06:54,1.16.3,RevT_R,0,3.69,1.0,1,Pellet,Right,210,174,158,0,0.97,27.0,
11/21/2024 6:07:26,1.16.3,RevT_R,0,3.68,,1,Left,Right,211,174,158,0,,,0.07
11/21/2024 6:34:00,1.16.3,RevT_R,0,3.68,,1,Right,Right,211,175,158,0,,,0.39
11/21/2024 6:34:03,1.16.3,RevT_R,0,3.68,1.0,1,Pellet,Right,211,175,159,0,2.14,1629.0,
11/21/2024 6:34:36,1.16.3,RevT_R,0,3.69,,1,Right,Right,211,176,159,0,,,0.04
11/21/2024 6:34:39,1.16.3,RevT_R,0,3.69,2.0,1,Pellet,Right,211,176,160,0,1.46,36.0,
11/21/2024 6:51:06,1.16.3,RevT_R,0,3.68,,1,Right,Right,211,177,160,0,,,0.36
11/21/2024 6:51:08,1.16.3,RevT_R,0,3.68,1.0,1,Pellet,Right,211,177,161,0,1.46,989.0,
11/21/2024 6:51:43,1.16.3,RevT_R,0,3.69,,1,Right,Right,211,178,161,0,,,0.11
11/21/2024 6:51:45,1.16.3,RevT_R,0,3.69,2.0,1,Pellet,Right,211,178,162,0,1.52,37.0,
11/21/2024 6:52:10,1.16.3,RevT_R,0,3.68,,1,Right,Right,211,179,162,0,,,0.27
11/21/2024 6:52:12,1.16.3,RevT_R,0,3.69,2.0,1,Pellet,Right,211,179,163,0,1.10,27.0,
11/21/2024 6:52:38,1.16.3,RevT_R,0,3.69,,1,Right,Right,211,180,163,0,,,0.21
11/21/2024 6:52:40,1.16.3,RevT_R,0,3.68,1.0,1,Pellet,Right,211,180,164,0,0.97,28.0,
11/21/2024 7:12:52,1.16.3,RevT_R,0,3.68,,1,Right,Right,211,181,164,0,,,0.46
11/21/2024 7:12:54,1.16.3,RevT_R,0,3.68,1.0,1,Pellet,Right,211,181,165,0,1.58,1214.0,
11/21/2024 7:14:47,1.16.3,RevT_R,0,3.68,,1,Right,Right,211,182,165,0,,,0.29
11/21/2024 7:14:49,1.16.3,RevT_R,0,3.69,1.0,1,Pellet,Right,211,182,166,0,0.91,115.0,
11/21/2024 7:23:39,1.16.3,RevT_R,0,3.68,,1,Right,Right,211,183,166,0,,,0.05
11/21/2024 7:24:14,1.16.3,RevT_R,0,3.68,1.0,1,Pellet,Right,211,183,167,0,33.48,565.0,
11/21/2024 7:54:58,1.16.3,RevT_R,0,3.68,,1,Right,Right,211,184,167,0,,,0.02
11/21/2024 7:55:02,1.16.3,RevT_R,0,3.69,1.0,1,Pellet,Right,211,184,168,0,3.24,1848.0,
11/21/2024 7:55:26,1.16.3,RevT_R,0,3.68,,1,Right,Right,211,185,168,0,,,0.27
11/21/2024 7:55:28,1.16.3,RevT_R,0,3.68,1.0,1,Pellet,Right,211,185,169,0,1.40,26.0,
11/21/2024 7:56:43,1.16.3,RevT_R,0,3.68,,1,Right,Right,211,186,169,0,,,0.03
11/21/2024 7:56:45,1.16.3,RevT_R,0,3.69,1.0,1,Pellet,Right,211,186,170,0,1.22,77.0,
11/21/2024 7:57:36,1.16.3,RevT_R,0,3.68,,1,Right,Right,211,187,170,0,,,0.17
11/21/2024 7:57:37,1.16.3,RevT_R,0,3.68,1.0,1,Pellet,Right,211,187,171,0,0.79,52.0,
11/21/2024 8:27:09,1.16.3,RevT_R,0,3.68,,1,Right,Right,211,188,171,0,,,0.23
11/21/2024 8:27:11,1.16.3,RevT_R,0,3.68,1.0,1,Pellet,Right,211,188,172,0,1.09,1774.0,
11/21/2024 8:27:38,1.16.3,RevT_R,0,3.68,,1,Right,Right,211,189,172,0,,,0.18
11/21/2024 8:27:40,1.16.3,RevT_R,0,3.69,1.0,1,Pellet,Right,211,189,173,0,1.10,29.0,
11/21/2024 8:28:10,1.16.3,RevT_R,0,3.68,,1,Right,Right,211,190,173,0,,,0.46
11/21/2024 8:28:11,1.16.3,RevT_R,0,3.68,1.0,1,Pellet,Right,211,190,174,0,0.79,31.0,
11/21/2024 8:28:59,1.16.3,RevT_R,0,3.68,,1,Left,Right,212,190,174,0,,,0.05
11/21/2024 8:29:04,1.16.3,RevT_R,0,3.68,,1,Right,Right,212,191,174,0,,,0.2
11/21/2024 8:29:05,1.16.3,RevT_R,0,3.68,1.0,1,Pellet,Right,212,191,175,0,0.61,54.0,
11/21/2024 8:29:46,1.16.3,RevT_R,0,3.68,,1,Right,Left,212,192,175,0,,,0.02
11/21/2024 8:49:18,1.16.3,RevT_R,0,3.68,,1,Right,Left,212,193,175,0,,,0.07
11/21/2024 8:49:26,1.16.3,RevT_R,0,3.68,,1,Right,Left,212,194,175,0,,,0.11
11/21/2024 8:49:39,1.16.3,RevT_R,0,3.68,,1,Right,Left,212,195,175,0,,,0.05
11/21/2024 8:49:50,1.16.3,RevT_R,0,3.67,,1,Right,Left,212,196,175,0,,,0.24
11/21/2024 8:53:50,1.16.3,RevT_R,0,3.68,,1,Right,Left,212,197,175,0,,,0.0
11/21/2024 8:58:17,1.16.3,RevT_R,0,3.68,,1,Right,Left,212,198,175,0,,,0.25
11/21/2024 8:58:27,1.16.3,RevT_R,0,3.68,,1,Right,Left,212,199,175,0,,,0.26
11/21/2024 9:07:18,1.16.3,RevT_R,0,3.68,,1,Right,Left,212,200,175,0,,,0.22
11/21/2024 9:07:23,1.16.3,RevT_R,0,3.67,,1,Right,Left,212,201,175,0,,,0.35
11/21/2024 9:07:25,1.16.3,RevT_R,0,3.68,,1,Right,Left,212,202,175,0,,,0.46
11/21/2024 9:07:27,1.16.3,RevT_R,0,3.68,,1,Right,Left,212,203,175,0,,,0.36
11/21/2024 9:07:33,1.16.3,RevT_R,0,3.68,,1,Left,Left,213,203,175,0,,,0.13
11/21/2024 9:07:35,1.16.3,RevT_R,0,3.68,1.0,1,Pellet,Left,213,203,176,0,1.10,2310.0,
11/21/2024 9:08:07,1.16.3,RevT_R,0,3.68,,1,Left,Left,214,203,176,0,,,0.03
11/21/2024 9:08:08,1.16.3,RevT_R,0,3.68,1.0,1,Pellet,Left,214,203,177,0,0.48,33.0,
11/21/2024 9:08:31,1.16.3,RevT_R,0,3.68,,1,Left,Left,215,203,177,0,,,0.02
11/21/2024 9:08:32,1.16.3,RevT_R,0,3.68,2.0,1,Pellet,Left,215,203,178,0,0.61,24.0,
11/21/2024 9:08:58,1.16.3,RevT_R,0,3.68,,1,Left,Left,216,203,178,0,,,0.02
11/21/2024 9:08:59,1.16.3,RevT_R,0,3.68,1.0,1,Pellet,Left,216,203,179,0,0.36,27.0,
11/21/2024 9:09:23,1.16.3,RevT_R,0,3.68,,1,Left,Left,217,203,179,0,,,0.13
11/21/2024 9:09:24,1.16.3,RevT_R,0,3.68,1.0,1,Pellet,Left,217,203,180,0,0.48,25.0,
11/21/2024 9:09:53,1.16.3,RevT_R,0,3.69,,1,Left,Left,218,203,180,0,,,0.26
11/21/2024 9:09:54,1.16.3,RevT_R,0,3.68,1.0,1,Pellet,Left,218,203,181,0,0.73,30.0,
11/21/2024 9:10:18,1.16.3,RevT_R,0,3.68,,1,Right,Left,218,204,181,0,,,0.03
11/21/2024 9:10:21,1.16.3,RevT_R,0,3.68,,1,Left,Left,219,204,181,0,,,0.1
11/21/2024 9:10:22,1.16.3,RevT_R,0,3.68,1.0,1,Pellet,Left,219,204,182,0,0.73,28.0,
11/21/2024 9:10:48,1.16.3,RevT_R,0,3.68,,1,Left,Left,220,204,182,0,,,0.04
11/21/2024 9:10:49,1.16.3,RevT_R,0,3.68,1.0,1,Pellet,Left,220,204,183,0,0.91,27.0,
11/21/2024 9:35:26,1.16.3,RevT_R,0,3.68,,1,Left,Left,221,204,183,0,,,0.02
11/21/2024 9:35:28,1.16.3,RevT_R,0,3.69,1.0,1,Pellet,Left,221,204,184,0,1.34,1479.0,
11/21/2024 9:36:25,1.16.3,RevT_R,0,3.68,,1,Left,Left,222,204,184,0,,,0.04
11/21/2024 9:36:26,1.16.3,RevT_R,0,3.68,1.0,1,Pellet,Left,222,204,185,0,0.85,58.0,
11/21/2024 9:40:33,1.16.3,RevT_R,0,3.68,,1,Left,Left,223,204,185,0,,,0.03
11/21/2024 9:40:35,1.16.3,RevT_R,0,3.67,2.0,1,Pellet,Left,223,204,186,0,0.97,249.0,
11/21/2024 9:41:14,1.16.3,RevT_R,0,3.68,,1,Right,Left,223,205,186,0,,,0.12
11/21/2024 9:44:39,1.16.3,RevT_R,0,3.68,,1,Right,Left,223,206,186,0,,,0.74
11/21/2024 9:44:42,1.16.3,RevT_R,0,3.68,,1,Right,Left,223,207,186,0,,,0.03
11/21/2024 9:47:16,1.16.3,RevT_R,0,3.68,,1,Right,Left,223,208,186,0,,,0.21
11/21/2024 9:57:08,1.16.3,RevT_R,0,3.68,,1,Right,Left,223,209,186,0,,,0.02
11/21/2024 9:57:11,1.16.3,RevT_R,0,3.68,,1,Right,Left,223,210,186,0,,,0.12
11/21/2024 9:57:13,1.16.3,RevT_R,0,3.68,,1,Right,Left,223,211,186,0,,,0.2
11/21/2024 9:57:15,1.16.3,RevT_R,0,3.69,,1,Right,Left,223,212,186,0,,,0.06
11/21/2024 9:57:20,1.16.3,RevT_R,0,3.68,,1,Right,Left,223,213,186,0,,,0.18
11/21/2024 9:57:29,1.16.3,RevT_R,0,3.67,,1,Left,Left,224,213,186,0,,,0.06
11/21/2024 9:57:31,1.16.3,RevT_R,0,3.68,1.0,1,Pellet,Left,224,213,187,0,0.49,1015.0,
11/21/2024 9:58:34,1.16.3,RevT_R,0,3.68,,1,Left,Left,225,213,187,0,,,0.12
11/21/2024 9:58:35,1.16.3,RevT_R,0,3.68,1.0,1,Pellet,Left,225,213,188,0,0.67,65.0,
11/21/2024 9:59:03,1.16.3,RevT_R,0,3.67,,1,Left,Left,226,213,188,0,,,0.16
11/21/2024 9:59:05,1.16.3,RevT_R,0,3.68,1.0,1,Pellet,Left,226,213,189,0,0.49,30.0,
11/21/2024 10:02:16,1.16.3,RevT_R,0,3.68,,1,Right,Left,226,214,189,0,,,0.04
11/21/2024 10:02:21,1.16.3,RevT_R,0,3.68,,1,Left,Left,227,214,189,0,,,0.09
11/21/2024 10:02:23,1.16.3,RevT_R,0,3.68,1.0,1,Pellet,Left,227,214,190,0,0.48,198.0,
11/21/2024 10:03:05,1.16.3,RevT_R,0,3.67,,1,Right,Left,227,215,190,0,,,0.18
11/21/2024 10:15:24,1.16.3,RevT_R,0,3.68,,1,Right,Left,227,216,190,0,,,0.29
11/21/2024 10:15:25,1.16.3,RevT_R,0,3.68,,1,Left,Left,228,216,190,0,,,0.33
11/21/2024 10:15:46,1.16.3,RevT_R,0,3.68,1.0,1,Pellet,Left,228,216,191,0,20.41,803.0,
11/21/2024 10:20:19,1.16.3,RevT_R,0,3.67,,1,Left,Left,229,216,191,0,,,0.13
11/21/2024 10:20:20,1.16.3,RevT_R,0,3.67,1.0,1,Pellet,Left,229,216,192,0,0.79,274.0,
11/21/2024 10:36:01,1.16.3,RevT_R,0,3.68,,1,Left,Left,230,216,192,0,,,0.02
11/21/2024 10:36:03,1.16.3,RevT_R,0,3.68,1.0,1,Pellet,Left,230,216,193,0,0.73,943.0,
11/21/2024 10:38:36,1.16.3,RevT_R,0,3.68,,1,Right,Left,230,217,193,0,,,0.84
11/21/2024 10:38:39,1.16.3,RevT_R,0,3.68,,1,Right,Left,230,218,193,0,,,0.24
11/21/2024 10:39:43,1.16.3,RevT_R,0,3.68,,1,Left,Left,231,218,193,0,,,0.12
11/21/2024 10:39:45,1.16.3,RevT_R,0,3.68,1.0,1,Pellet,Left,231,218,194,0,1.03,222.0,
11/21/2024 10:42:38,1.16.3,RevT_R,0,3.68,,1,Right,Left,231,219,194,0,,,0.0
11/21/2024 10:45:23,1.16.3,RevT_R,0,3.68,,1,Left,Left,232,219,194,0,,,0.12
11/21/2024 10:45:25,1.16.3,RevT_R,0,3.68,1.0,1,Pellet,Left,232,219,195,0,0.55,340.0,
11/21/2024 10:45:50,1.16.3,RevT_R,0,3.67,,1,Left,Left,233,219,195,0,,,0.16
11/21/2024 10:45:51,1.16.3,RevT_R,0,3.68,1.0,1,Pellet,Left,233,219,196,0,0.55,26.0,
11/21/2024 10:56:45,1.16.3,RevT_R,0,3.68,,1,Left,Left,234,219,196,0,,,0.08
11/21/2024 10:56:46,1.16.3,RevT_R,0,3.68,1.0,1,Pellet,Left,234,219,197,0,0.42,655.0,
11/21/2024 10:57:34,1.16.3,RevT_R,0,3.68,,1,Left,Left,235,219,197,0,,,0.1
11/21/2024 10:57:36,1.16.3,RevT_R,0,3.68,1.0,1,Pellet,Left,235,219,198,0,0.91,50.0,
11/21/2024 11:06:10,1.16.3,RevT_R,0,3.68,,1,Left,Left,236,219,198,0,,,0.07
11/21/2024 11:06:12,1.16.3,RevT_R,0,3.67,1.0,1,Pellet,Left,236,219,199,0,0.67,516.0,
11/21/2024 11:06:54,1.16.3,RevT_R,0,3.68,,1,Left,Left,237,219,199,0,,,0.13
11/21/2024 11:06:56,1.16.3,RevT_R,0,3.68,1.0,1,Pellet,Left,237,219,200,0,0.79,44.0,
11/21/2024 11:07:20,1.16.3,RevT_R,0,3.68,,1,Left,Right,238,219,200,0,,,0.03
11/21/2024 11:07:22,1.16.3,RevT_R,0,3.67,,1,Left,Right,239,219,200,0,,,0.16
11/21/2024 11:07:24,1.16.3,RevT_R,0,3.67,,1,Left,Right,240,219,200,0,,,0.04
11/21/2024 11:07:34,1.16.3,RevT_R,0,3.68,,1,Right,Right,240,220,200,0,,,0.03
11/21/2024 11:07:34,1.16.3,RevT_R,0,3.68,,1,RightDuringDispense,Right,240,221,200,0,,,0.01
11/21/2024 11:07:38,1.16.3,RevT_R,0,3.68,2.0,1,Pellet,Right,240,221,201,0,0.73,42.0,
11/21/2024 11:08:35,1.16.3,RevT_R,0,3.68,,1,Right,Right,240,222,201,0,,,0.19
11/21/2024 11:08:37,1.16.3,RevT_R,0,3.68,1.0,1,Pellet,Right,240,222,202,0,1.10,59.0,
11/21/2024 11:09:13,1.16.3,RevT_R,0,3.67,,1,Left,Right,241,222,202,0,,,0.08
11/21/2024 11:09:20,1.16.3,RevT_R,0,3.67,,1,Right,Right,241,223,202,0,,,0.02
11/21/2024 11:09:22,1.16.3,RevT_R,0,3.68,1.0,1,Pellet,Right,241,223,203,0,1.16,45.0,
11/21/2024 11:09:52,1.16.3,RevT_R,0,3.67,,1,Right,Right,241,224,203,0,,,0.18
11/21/2024 11:09:54,1.16.3,RevT_R,0,3.69,2.0,1,Pellet,Right,241,224,204,0,0.73,32.0,
11/21/2024 11:10:34,1.16.3,RevT_R,0,3.68,,1,Left,Right,242,224,204,0,,,0.04
11/21/2024 11:27:32,1.16.3,RevT_R,0,3.68,,1,Left,Right,243,224,204,0,,,0.13
11/21/2024 11:27:33,1.16.3,RevT_R,0,3.68,,1,Left,Right,244,224,204,0,,,0.08
11/21/2024 11:27:34,1.16.3,RevT_R,0,3.67,,1,Left,Right,245,224,204,0,,,0.07
11/21/2024 11:41:22,1.16.3,RevT_R,0,3.68,,1,Right,Right,245,225,204,0,,,0.13
11/21/2024 11:41:23,1.16.3,RevT_R,0,3.67,1.0,1,Pellet,Right,245,225,205,0,0.55,1889.0,
11/21/2024 11:41:39,1.16.3,RevT_R,0,3.68,,1,Left,Right,246,225,205,0,,,0.06
11/21/2024 11:41:41,1.16.3,RevT_R,0,3.68,,1,Left,Right,247,225,205,0,,,0.06
11/21/2024 11:41:43,1.16.3,RevT_R,0,3.69,,1,Left,Right,248,225,205,0,,,0.09
11/21/2024 11:41:46,1.16.3,RevT_R,0,3.67,,1,Left,Right,249,225,205,0,,,0.14
11/21/2024 11:41:47,1.16.3,RevT_R,0,3.68,,1,Left,Right,250,225,205,0,,,0.27
11/21/2024 11:41:49,1.16.3,RevT_R,0,3.67,,1,Left,Right,251,225,205,0,,,0.26
11/21/2024 11:41:51,1.16.3,RevT_R,0,3.68,,1,Right,Right,251,226,205,0,,,0.29
11/21/2024 11:41:52,1.16.3,RevT_R,0,3.68,1.0,1,Pellet,Right,251,226,206,0,0.55,29.0,
11/21/2024 11:42:09,1.16.3,RevT_R,0,3.68,,1,Right,Right,251,227,206,0,,,0.13
11/21/2024 11:42:11,1.16.3,RevT_R,0,3.67,1.0,1,Pellet,Right,251,227,207,0,1.34,19.0,
11/21/2024 11:42:36,1.16.3,RevT_R,0,3.68,,1,Right,Right,251,228,207,0,,,0.22
11/21/2024 11:42:38,1.16.3,RevT_R,0,3.67,2.0,1,Pellet,Right,251,228,208,0,0.97,27.0,
11/21/2024 11:42:56,1.16.3,RevT_R,0,3.67,,1,Right,Right,251,229,208,0,,,0.12
11/21/2024 11:42:58,1.16.3,RevT_R,0,3.68,2.0,1,Pellet,Right,251,229,209,0,1.03,20.0,
11/21/2024 11:43:22,1.16.3,RevT_R,0,3.67,,1,Right,Right,251,230,209,0,,,0.01
11/21/2024 11:43:23,1.16.3,RevT_R,0,3.67,1.0,1,Pellet,Right,251,230,210,0,0.06,25.0,
11/21/2024 11:43:36,1.16.3,RevT_R,0,3.67,,1,Left,Right,252,230,210,0,,,0.24
11/21/2024 11:43:40,1.16.3,RevT_R,0,3.68,,1,Right,Right,252,231,210,0,,,0.2
11/21/2024 11:43:44,1.16.3,RevT_R,0,3.68,2.0,1,Pellet,Right,252,231,211,0,0.73,21.0,
11/21/2024 11:44:18,1.16.3,RevT_R,0,3.67,,1,Right,Right,252,232,211,0,,,0.58
11/21/2024 11:44:20,1.16.3,RevT_R,0,3.68,1.0,1,Pellet,Right,252,232,212,0,1.52,36.0,
11/21/2024 11:44:41,1.16.3,RevT_R,0,3.67,,1,Right,Right,252,233,212,0,,,0.33
11/21/2024 11:44:45,1.16.3,RevT_R,0,3.68,2.0,1,Pellet,Right,252,233,213,0,1.28,25.0,
11/21/2024 11:45:06,1.16.3,RevT_R,0,3.67,,1,Right,Right,252,234,213,0,,,0.35
11/21/2024 11:45:08,1.16.3,RevT_R,0,3.68,1.0,1,Pellet,Right,252,234,214,0,0.61,23.0,
11/21/2024 12:12:40,1.16.3,RevT_R,0,3.67,,1,Right,Right,252,235,214,0,,,0.24
11/21/2024 12:12:41,1.16.3,RevT_R,0,3.67,1.0,1,Pellet,Right,252,235,215,0,0.67,1653.0,
11/21/2024 12:13:04,1.16.3,RevT_R,0,3.67,,1,Left,Right,253,235,215,0,,,0.08
11/21/2024 12:13:05,1.16.3,RevT_R,0,3.67,,1,Left,Right,254,235,215,0,,,0.17
11/21/2024 12:13:06,1.16.3,RevT_R,0,3.68,,1,Left,Right,255,235,215,0,,,0.17
11/21/2024 12:13:11,1.16.3,RevT_R,0,3.68,,1,Right,Right,255,236,215,0,,,0.32
11/21/2024 12:13:12,1.16.3,RevT_R,0,3.67,1.0,1,Pellet,Right,255,236,216,0,0.49,31.0,
11/21/2024 12:13:31,1.16.3,RevT_R,0,3.68,,1,Right,Right,255,237,216,0,,,0.0
11/21/2024 12:13:33,1.16.3,RevT_R,0,3.67,2.0,1,Pellet,Right,255,237,217,0,0.79,21.0,
11/21/2024 12:13:51,1.16.3,RevT_R,0,3.67,,1,Right,Right,255,238,217,0,,,0.0
11/21/2024 12:13:53,1.16.3,RevT_R,0,3.67,1.0,1,Pellet,Right,255,238,218,0,0.55,20.0,
11/21/2024 12:14:17,1.16.3,RevT_R,0,3.67,,1,Left,Right,256,238,218,0,,,0.14
11/21/2024 12:14:18,1.16.3,RevT_R,0,3.67,,1,Left,Right,257,238,218,0,,,0.1
11/21/2024 12:14:19,1.16.3,RevT_R,0,3.68,,1,Left,Right,258,238,218,0,,,0.18
11/21/2024 12:14:22,1.16.3,RevT_R,0,3.67,,1,Right,Right,258,239,218,0,,,0.19
11/21/2024 12:14:24,1.16.3,RevT_R,0,3.67,1.0,1,Pellet,Right,258,239,219,0,0.61,31.0,
11/21/2024 12:14:47,1.16.3,RevT_R,0,3.68,,1,Left,Right,259,239,219,0,,,0.05
11/21/2024 12:14:49,1.16.3,RevT_R,0,3.68,,1,Left,Right,260,239,219,0,,,0.19
11/21/2024 12:14:55,1.16.3,RevT_R,0,3.68,,1,Right,Right,260,240,219,0,,,0.26
11/21/2024 12:14:57,1.16.3,RevT_R,0,3.67,2.0,1,Pellet,Right,260,240,220,0,0.79,33.0,
11/21/2024 12:15:19,1.16.3,RevT_R,0,3.68,,1,Right,Right,260,241,220,0,,,0.23
11/21/2024 12:15:21,1.16.3,RevT_R,0,3.67,1.0,1,Pellet,Right,260,241,221,0,1.53,24.0,
11/21/2024 12:15:41,1.16.3,RevT_R,0,3.68,,1,Right,Right,260,242,221,0,,,0.23
11/21/2024 12:15:42,1.16.3,RevT_R,0,3.68,1.0,1,Pellet,Right,260,242,222,0,0.61,21.0,
11/21/2024 12:16:25,1.16.3,RevT_R,0,3.68,,1,Right,Right,260,243,222,0,,,0.37
11/21/2024 12:16:27,1.16.3,RevT_R,0,3.67,1.0,1,Pellet,Right,260,243,223,0,0.91,45.0,
11/21/2024 12:16:54,1.16.3,RevT_R,0,3.67,,1,Right,Right,260,244,223,0,,,0.04
11/21/2024 12:16:56,1.16.3,RevT_R,0,3.68,2.0,1,Pellet,Right,260,244,224,0,0.97,29.0,
11/21/2024 12:17:22,1.16.3,RevT_R,0,3.67,,1,Right,Right,260,245,224,0,,,0.17
11/21/2024 12:17:24,1.16.3,RevT_R,0,3.68,1.0,1,Pellet,Right,260,245,225,0,0.73,28.0,
11/21/2024 12:29:44,1.16.3,RevT_R,0,3.68,,1,Right,Left,260,246,225,0,,,0.25
11/21/2024 12:49:58,1.16.3,RevT_R,0,3.68,,1,Right,Left,260,247,225,0,,,0.38
11/21/2024 12:50:00,1.16.3,RevT_R,0,3.67,,1,Right,Left,260,248,225,0,,,0.08
11/21/2024 12:56:05,1.16.3,RevT_R,0,3.67,,1,Right,Left,260,249,225,0,,,0.22
11/21/2024 12:56:07,1.16.3,RevT_R,0,3.68,,1,Right,Left,260,250,225,0,,,0.25
11/21/2024 12:56:11,1.16.3,RevT_R,0,3.67,,1,Left,Left,261,250,225,0,,,0.15
11/21/2024 12:56:13,1.16.3,RevT_R,0,3.68,1.0,1,Pellet,Left,261,250,226,0,0.98,2329.0,
11/21/2024 12:56:45,1.16.3,RevT_R,0,3.68,,1,Left,Left,262,250,226,0,,,0.24
11/21/2024 12:56:47,1.16.3,RevT_R,0,3.67,2.0,1,Pellet,Left,262,250,227,0,0.61,34.0,
11/21/2024 12:57:23,1.16.3,RevT_R,0,3.68,,1,Right,Left,262,251,227,0,,,0.39
11/21/2024 12:57:26,1.16.3,RevT_R,0,3.67,,1,Right,Left,262,252,227,0,,,0.29
11/21/2024 13:00:17,1.16.3,RevT_R,0,3.68,,1,Right,Left,262,253,227,0,,,0.07
11/21/2024 13:00:24,1.16.3,RevT_R,0,3.68,,1,Left,Left,263,253,227,0,,,0.0
11/21/2024 13:00:25,1.16.3,RevT_R,0,3.67,1.0,1,Pellet,Left,263,253,228,0,1.10,218.0,
11/21/2024 13:05:47,1.16.3,RevT_R,0,3.68,,1,Right,Left,263,254,228,0,,,0.07
11/21/2024 13:12:38,1.16.3,RevT_R,0,3.67,,1,Left,Left,264,254,228,0,,,0.3
11/21/2024 13:12:39,1.16.3,RevT_R,0,3.67,1.0,1,Pellet,Left,264,254,229,0,0.67,734.0,
11/21/2024 13:14:07,1.16.3,RevT_R,0,3.67,,1,Left,Left,265,254,229,0,,,0.22
11/21/2024 13:14:08,1.16.3,RevT_R,0,3.68,1.0,1,Pellet,Left,265,254,230,0,0.42,89.0,
11/21/2024 13:14:43,1.16.3,RevT_R,0,3.67,,1,Left,Left,266,254,230,0,,,0.0
11/21/2024 13:14:45,1.16.3,RevT_R,0,3.68,1.0,1,Pellet,Left,266,254,231,0,1.83,37.0,
11/21/2024 13:15:10,1.16.3,RevT_R,0,3.67,,1,Left,Left,267,254,231,0,,,0.03
11/21/2024 13:15:12,1.16.3,RevT_R,0,3.67,2.0,1,Pellet,Left,267,254,232,0,0.67,27.0,
11/21/2024 13:15:52,1.16.3,RevT_R,0,3.67,,1,Left,Left,268,254,232,0,,,0.06
11/21/2024 13:15:53,1.16.3,RevT_R,0,3.67,1.0,1,Pellet,Left,268,254,233,0,0.55,41.0,
11/21/2024 13:16:42,1.16.3,RevT_R,0,3.67,,1,Left,Left,269,254,233,0,,,0.01
11/21/2024 13:16:45,1.16.3,RevT_R,0,3.67,1.0,1,Pellet,Left,269,254,234,0,1.89,52.0,
11/21/2024 13:27:40,1.16.3,RevT_R,0,3.67,,1,Right,Left,269,255,234,0,,,0.03
11/21/2024 13:27:41,1.16.3,RevT_R,0,3.67,,1,Right,Left,269,256,234,0,,,0.0
11/21/2024 13:36:01,1.16.3,RevT_R,0,3.68,,1,Right,Left,269,257,234,0,,,0.03
11/21/2024 13:36:08,1.16.3,RevT_R,0,3.67,,1,Right,Left,269,258,234,0,,,0.0
11/21/2024 13:36:13,1.16.3,RevT_R,0,3.67,,1,Right,Left,269,259,234,0,,,0.32
11/21/2024 13:36:21,1.16.3,RevT_R,0,3.67,,1,Left,Left,270,259,234,0,,,0.33
11/21/2024 13:36:23,1.16.3,RevT_R,0,3.68,2.0,1,Pellet,Left,270,259,235,0,1.03,1177.0,
11/21/2024 13:36:44,1.16.3,RevT_R,0,3.67,,1,Left,Left,271,259,235,0,,,0.06
11/21/2024 13:36:45,1.16.3,RevT_R,0,3.67,1.0,1,Pellet,Left,271,259,236,0,0.55,23.0,
11/21/2024 13:37:06,1.16.3,RevT_R,0,3.67,,1,Left,Left,272,259,236,0,,,0.16
11/21/2024 13:37:07,1.16.3,RevT_R,0,3.67,1.0,1,Pellet,Left,272,259,237,0,0.49,22.0,
11/21/2024 13:37:30,1.16.3,RevT_R,0,3.68,,1,Left,Left,273,259,237,0,,,0.05
11/21/2024 13:37:31,1.16.3,RevT_R,0,3.67,1.0,1,Pellet,Left,273,259,238,0,0.48,24.0,
11/21/2024 13:38:00,1.16.3,RevT_R,0,3.68,,1,Left,Left,274,259,238,0,,,0.07
11/21/2024 13:38:01,1.16.3,RevT_R,0,3.68,1.0,1,Pellet,Left,274,259,239,0,0.42,30.0,
11/21/2024 13:38:33,1.16.3,RevT_R,0,3.67,,1,Left,Left,275,259,239,0,,,0.16
11/21/2024 13:38:37,1.16.3,RevT_R,0,3.68,2.0,1,Pellet,Left,275,259,240,0,0.91,36.0,
11/21/2024 13:38:58,1.16.3,RevT_R,0,3.68,,1,Left,Left,276,259,240,0,,,0.09
11/21/2024 13:38:59,1.16.3,RevT_R,0,3.68,1.0,1,Pellet,Left,276,259,241,0,0.61,22.0,
11/21/2024 13:39:24,1.16.3,RevT_R,0,3.67,,1,Left,Left,277,259,241,0,,,0.07
11/21/2024 13:39:25,1.16.3,RevT_R,0,3.68,1.0,1,Pellet,Left,277,259,242,0,0.85,26.0,
11/21/2024 13:39:43,1.16.3,RevT_R,0,3.67,,1,Left,Left,278,259,242,0,,,0.06
11/21/2024 13:39:45,1.16.3,RevT_R,0,3.68,1.0,1,Pellet,Left,278,259,243,0,0.91,20.0,
11/21/2024 13:40:07,1.16.3,RevT_R,0,3.67,,1,Right,Left,278,260,243,0,,,0.11
11/21/2024 13:40:17,1.16.3,RevT_R,0,3.68,,1,Right,Left,278,261,243,0,,,0.36
11/21/2024 13:40:21,1.16.3,RevT_R,0,3.67,,1,Left,Left,279,261,243,0,,,0.14
11/21/2024 13:40:23,1.16.3,RevT_R,0,3.67,1.0,1,Pellet,Left,279,261,244,0,0.49,38.0,
11/21/2024 14:09:08,1.16.3,RevT_R,0,3.67,,1,Left,Left,280,261,244,0,,,0.15
11/21/2024 14:09:10,1.16.3,RevT_R,0,3.67,1.0,1,Pellet,Left,280,261,245,0,1.77,1727.0,
11/21/2024 14:09:34,1.16.3,RevT_R,0,3.67,,1,Left,Left,281,261,245,0,,,0.07
11/21/2024 14:09:36,1.16.3,RevT_R,0,3.67,1.0,1,Pellet,Left,281,261,246,0,0.85,26.0,
11/21/2024 14:09:57,1.16.3,RevT_R,0,3.67,,1,Left,Left,282,261,246,0,,,0.14
11/21/2024 14:09:59,1.16.3,RevT_R,0,3.67,2.0,1,Pellet,Left,282,261,247,0,0.61,23.0,
11/21/2024 14:10:28,1.16.3,RevT_R,0,3.67,,1,Left,Left,283,261,247,0,,,0.17
11/21/2024 14:10:29,1.16.3,RevT_R,0,3.67,1.0,1,Pellet,Left,283,261,248,0,0.48,30.0,
11/21/2024 14:10:49,1.16.3,RevT_R,0,3.67,,1,Left,Left,284,261,248,0,,,0.12
11/21/2024 14:10:51,1.16.3,RevT_R,0,3.67,1.0,1,Pellet,Left,284,261,249,0,0.55,22.0,
11/21/2024 14:11:15,1.16.3,RevT_R,0,3.67,,1,Left,Left,285,261,249,0,,,0.05
11/21/2024 14:11:16,1.16.3,RevT_R,0,3.67,1.0,1,Pellet,Left,285,261,250,0,0.42,25.0,
11/21/2024 14:23:31,1.16.3,RevT_R,0,3.67,,1,Right,Right,285,262,250,0,,,0.47
11/21/2024 14:23:35,1.16.3,RevT_R,0,3.67,2.0,1,Pellet,Right,285,262,251,0,3.55,739.0,
11/21/2024 14:29:48,1.16.3,RevT_R,0,3.67,,1,Right,Right,285,263,251,0,,,0.54
11/21/2024 14:30:19,1.16.3,RevT_R,0,3.68,2.0,1,Pellet,Right,285,263,252,0,30.30,404.0,
11/21/2024 14:41:35,1.16.3,RevT_R,0,3.68,,1,Right,Right,285,264,252,0,,,0.24
11/21/2024 14:41:37,1.16.3,RevT_R,0,3.67,1.0,1,Pellet,Right,285,264,253,0,0.91,678.0,
11/21/2024 14:42:14,1.16.3,RevT_R,0,3.67,,1,Left,Right,286,264,253,0,,,0.2
11/21/2024 14:43:41,1.16.3,RevT_R,0,3.67,,1,Right,Right,286,265,253,0,,,0.25
11/21/2024 14:43:43,1.16.3,RevT_R,0,3.67,1.0,1,Pellet,Right,286,265,254,0,0.97,126.0,
11/21/2024 14:54:14,1.16.3,RevT_R,0,3.67,,1,Right,Right,286,266,254,0,,,1.24
11/21/2024 14:54:17,1.16.3,RevT_R,0,3.67,1.0,1,Pellet,Right,286,266,255,0,2.26,634.0,
11/21/2024 14:54:43,1.16.3,RevT_R,0,3.67,,1,Right,Right,286,267,255,0,,,0.26
11/21/2024 14:54:44,1.16.3,RevT_R,0,3.67,1.0,1,Pellet,Right,286,267,256,0,0.49,27.0,
11/21/2024 14:59:04,1.16.3,RevT_R,0,3.67,,1,Right,Right,286,268,256,0,,,0.08
11/21/2024 14:59:08,1.16.3,RevT_R,0,3.67,2.0,1,Pellet,Right,286,268,257,0,2.69,264.0,
11/21/2024 14:59:37,1.16.3,RevT_R,0,3.67,,1,Right,Right,286,269,257,0,,,0.07
11/21/2024 14:59:39,1.16.3,RevT_R,0,3.67,1.0,1,Pellet,Right,286,269,258,0,0.91,31.0,
11/21/2024 15:18:25,1.16.3,RevT_R,0,3.67,,1,Right,Right,286,270,258,0,,,0.22
11/21/2024 15:18:27,1.16.3,RevT_R,0,3.67,1.0,1,Pellet,Right,286,270,259,0,1.03,1128.0,
11/21/2024 15:19:04,1.16.3,RevT_R,0,3.67,,1,Right,Right,286,271,259,0,,,0.04
11/21/2024 15:19:06,1.16.3,RevT_R,0,3.67,2.0,1,Pellet,Right,286,271,260,0,1.22,39.0,
11/21/2024 15:19:31,1.16.3,RevT_R,0,3.67,,1,Right,Right,286,272,260,0,,,0.33
11/21/2024 15:19:32,1.16.3,RevT_R,0,3.67,1.0,1,Pellet,Right,286,272,261,0,0.42,26.0,
11/21/2024 15:20:03,1.16.3,RevT_R,0,3.67,,1,Right,Right,286,273,261,0,,,0.08
11/21/2024 15:20:04,1.16.3,RevT_R,0,3.67,1.0,1,Pellet,Right,286,273,262,0,0.48,32.0,
11/21/2024 15:21:10,1.16.3,RevT_R,0,3.67,,1,Right,Right,286,274,262,0,,,0.19
11/21/2024 15:21:11,1.16.3,RevT_R,0,3.67,2.0,1,Pellet,Right,286,274,263,0,0.48,67.0,
11/21/2024 15:38:02,1.16.3,RevT_R,0,3.67,,1,Right,Right,286,275,263,0,,,0.04
11/21/2024 15:38:03,1.16.3,RevT_R,0,3.67,2.0,1,Pellet,Right,286,275,264,0,0.85,1012.0,
11/21/2024 15:38:28,1.16.3,RevT_R,0,3.67,,1,Right,Right,286,276,264,0,,,0.23
11/21/2024 15:38:32,1.16.3,RevT_R,0,3.67,1.0,1,Pellet,Right,286,276,265,0,3.06,29.0,
11/21/2024 15:39:03,1.16.3,RevT_R,0,3.67,,1,Right,Right,286,277,265,0,,,0.14
11/21/2024 15:39:05,1.16.3,RevT_R,0,3.67,1.0,1,Pellet,Right,286,277,266,0,0.85,33.0,
11/21/2024 15:39:28,1.16.3,RevT_R,0,3.67,,1,Right,Right,286,278,266,0,,,0.05
11/21/2024 15:39:30,1.16.3,RevT_R,0,3.67,1.0,1,Pellet,Right,286,278,267,0,0.91,25.0,
11/21/2024 15:39:47,1.16.3,RevT_R,0,3.67,,1,Right,Right,286,279,267,0,,,0.1
11/21/2024 15:39:49,1.16.3,RevT_R,0,3.67,1.0,1,Pellet,Right,286,279,268,0,0.91,19.0,
11/21/2024 15:40:10,1.16.3,RevT_R,0,3.67,,1,Right,Right,286,280,268,0,,,0.11
11/21/2024 15:40:12,1.16.3,RevT_R,0,3.67,1.0,1,Pellet,Right,286,280,269,0,1.10,23.0,
11/21/2024 15:40:35,1.16.3,RevT_R,0,3.67,,1,Right,Right,286,281,269,0,,,0.13
11/21/2024 15:40:37,1.16.3,RevT_R,0,3.67,1.0,1,Pellet,Right,286,281,270,0,0.73,25.0,
11/21/2024 16:31:46,1.16.3,RevT_R,0,3.67,,1,Left,Right,287,281,270,0,,,0.21
11/21/2024 16:31:50,1.16.3,RevT_R,0,3.67,,1,Right,Right,287,282,270,0,,,0.09
11/21/2024 16:31:52,1.16.3,RevT_R,0,3.67,1.0,1,Pellet,Right,287,282,271,0,1.10,3075.0,
11/21/2024 16:32:22,1.16.3,RevT_R,0,3.67,,1,Left,Right,288,282,271,0,,,0.14
11/21/2024 16:32:23,1.16.3,RevT_R,0,3.67,,1,Left,Right,289,282,271,0,,,0.14
11/21/2024 16:32:24,1.16.3,RevT_R,0,3.67,,1,Left,Right,290,282,271,0,,,0.19
11/21/2024 16:32:26,1.16.3,RevT_R,0,3.67,,1,Left,Right,291,282,271,0,,,0.04
11/21/2024 16:32:28,1.16.3,RevT_R,0,3.67,,1,Left,Right,292,282,271,0,,,0.05
11/21/2024 16:32:31,1.16.3,RevT_R,0,3.67,,1,Right,Right,292,283,271,0,,,0.18
11/21/2024 16:32:32,1.16.3,RevT_R,0,3.67,2.0,1,Pellet,Right,292,283,272,0,0.67,40.0,
11/21/2024 16:32:56,1.16.3,RevT_R,0,3.67,,1,Right,Right,292,284,272,0,,,0.19
11/21/2024 16:32:58,1.16.3,RevT_R,0,3.67,2.0,1,Pellet,Right,292,284,273,0,1.10,26.0,
11/21/2024 16:33:20,1.16.3,RevT_R,0,3.67,,1,Right,Right,292,285,273,0,,,0.08
11/21/2024 16:33:22,1.16.3,RevT_R,0,3.67,1.0,1,Pellet,Right,292,285,274,0,0.48,24.0,
11/21/2024 16:33:41,1.16.3,RevT_R,0,3.67,,1,Right,Right,292,286,274,0,,,0.15
11/21/2024 16:33:42,1.16.3,RevT_R,0,3.68,1.0,1,Pellet,Right,292,286,275,0,0.42,20.0,
11/21/2024 16:45:29,1.16.3,RevT_R,0,3.67,,1,Right,Left,292,287,275,0,,,0.14
11/21/2024 16:46:37,1.16.3,RevT_R,0,3.67,,1,Right,Left,292,288,275,0,,,0.29
11/21/2024 16:46:40,1.16.3,RevT_R,0,3.67,,1,Right,Left,292,289,275,0,,,0.31
11/21/2024 16:46:41,1.16.3,RevT_R,0,3.67,,1,Right,Left,292,290,275,0,,,0.29
11/21/2024 16:46:43,1.16.3,RevT_R,0,3.67,,1,Right,Left,292,291,275,0,,,0.14
11/21/2024 16:46:46,1.16.3,RevT_R,0,3.67,,1,Right,Left,292,292,275,0,,,0.03
11/21/2024 17:04:06,1.16.3,RevT_R,0,3.67,,1,Right,Left,292,293,275,0,,,0.22
11/21/2024 17:04:14,1.16.3,RevT_R,0,3.67,,1,Left,Left,293,293,275,0,,,0.24
11/21/2024 17:04:14,1.16.3,RevT_R,0,3.67,,1,LeftDuringDispense,Left,294,293,275,0,,,0.05
11/21/2024 17:04:17,1.16.3,RevT_R,0,3.67,,1,LeftDuringDispense,Left,295,293,275,0,,,0.09
11/21/2024 17:04:20,1.16.3,RevT_R,0,3.67,,1,LeftDuringDispense,Left,296,293,275,0,,,0.18
11/21/2024 17:04:21,1.16.3,RevT_R,0,3.67,3.0,1,Pellet,Left,296,293,276,0,0.91,1839.0,
11/21/2024 17:05:04,1.16.3,RevT_R,0,3.67,,1,Right,Left,296,294,276,0,,,0.32
11/21/2024 17:05:06,1.16.3,RevT_R,0,3.67,,1,Right,Left,296,295,276,0,,,0.45
11/21/2024 17:05:09,1.16.3,RevT_R,0,3.67,,1,Left,Left,297,295,276,0,,,0.01
11/21/2024 17:05:10,1.16.3,RevT_R,0,3.67,,1,LeftDuringDispense,Left,298,295,276,0,,,0.03
11/21/2024 17:05:11,1.16.3,RevT_R,0,3.67,,1,LeftDuringDispense,Left,299,295,276,0,,,0.24
11/21/2024 17:05:14,1.16.3,RevT_R,0,3.67,,1,LeftWithPellet,Left,300,295,276,0,,,0.2
11/21/2024 17:05:16,1.16.3,RevT_R,0,3.67,3.0,1,Pellet,Left,300,295,277,0,2.20,55.0,
11/21/2024 17:27:23,1.16.3,RevT_R,0,3.67,,1,Right,Left,300,296,277,0,,,0.16
11/21/2024 17:27:29,1.16.3,RevT_R,0,3.67,,1,Left,Left,301,296,277,0,,,0.06
11/21/2024 17:27:30,1.16.3,RevT_R,0,3.67,2.0,1,Pellet,Left,301,296,278,0,0.67,1334.0,
11/21/2024 17:28:02,1.16.3,RevT_R,0,3.67,,1,Right,Left,301,297,278,0,,,0.05
11/21/2024 17:31:33,1.16.3,RevT_R,0,3.67,,1,Right,Left,301,298,278,0,,,0.11
11/21/2024 17:33:46,1.16.3,RevT_R,0,3.67,,1,Right,Left,301,299,278,0,,,0.53
11/21/2024 17:33:48,1.16.3,RevT_R,0,3.67,,1,Right,Left,301,300,278,0,,,0.49
11/21/2024 17:33:55,1.16.3,RevT_R,0,3.67,,1,Left,Left,302,300,278,0,,,0.06
11/21/2024 17:33:56,1.16.3,RevT_R,0,3.68,2.0,1,Pellet,Left,302,300,279,0,0.61,386.0,
11/21/2024 17:41:34,1.16.3,RevT_R,0,3.67,,1,Left,Left,303,300,279,0,,,0.11
11/21/2024 17:41:36,1.16.3,RevT_R,0,3.67,1.0,1,Pellet,Left,303,300,280,0,1.28,460.0,
11/21/2024 17:42:07,1.16.3,RevT_R,0,3.67,,1,Left,Left,304,300,280,0,,,0.19
11/21/2024 17:42:08,1.16.3,RevT_R,0,3.67,1.0,1,Pellet,Left,304,300,281,0,0.73,32.0,
11/21/2024 17:42:34,1.16.3,RevT_R,0,3.67,,1,Left,Left,305,300,281,0,,,0.18
11/21/2024 17:42:35,1.16.3,RevT_R,0,3.67,1.0,1,Pellet,Left,305,300,282,0,0.79,27.0,
11/21/2024 17:43:01,1.16.3,RevT_R,0,3.67,,1,Left,Left,306,300,282,0,,,0.32
11/21/2024 17:43:03,1.16.3,RevT_R,0,3.67,1.0,1,Pellet,Left,306,300,283,0,0.73,28.0,
11/21/2024 17:43:39,1.16.3,RevT_R,0,3.67,,1,Left,Left,307,300,283,0,,,0.0
11/21/2024 17:43:41,1.16.3,RevT_R,0,3.67,1.0,1,Pellet,Left,307,300,284,0,0.79,37.0,
11/21/2024 17:50:32,1.16.3,RevT_R,0,3.67,,1,Left,Left,308,300,284,0,,,0.05
11/21/2024 17:50:34,1.16.3,RevT_R,0,3.67,1.0,1,Pellet,Left,308,300,285,0,1.34,414.0,
11/21/2024 17:59:06,1.16.3,RevT_R,0,3.67,,1,Right,Left,308,301,285,0,,,0.05
11/21/2024 18:25:28,1.16.3,RevT_R,0,3.67,,1,Right,Left,308,302,285,0,,,0.26
11/21/2024 18:25:30,1.16.3,RevT_R,0,3.67,,1,Left,Left,309,302,285,0,,,0.21
11/21/2024 18:25:32,1.16.3,RevT_R,0,3.67,1.0,1,Pellet,Left,309,302,286,0,0.91,2098.0,
11/21/2024 18:25:58,1.16.3,RevT_R,0,3.67,,1,Left,Left,310,302,286,0,,,0.01
11/21/2024 18:25:59,1.16.3,RevT_R,0,3.67,2.0,1,Pellet,Left,310,302,287,0,0.91,27.0,
11/21/2024 18:26:24,1.16.3,RevT_R,0,3.67,,1,Left,Left,311,302,287,0,,,0.19
11/21/2024 18:26:26,1.16.3,RevT_R,0,3.67,2.0,1,Pellet,Left,311,302,288,0,0.55,27.0,
11/21/2024 18:26:49,1.16.3,RevT_R,0,3.67,,1,Left,Left,312,302,288,0,,,0.17
11/21/2024 18:26:50,1.16.3,RevT_R,0,3.67,2.0,1,Pellet,Left,312,302,289,0,0.42,24.0,
11/21/2024 18:27:25,1.16.3,RevT_R,0,3.67,,1,Right,Left,312,303,289,0,,,0.2
11/21/2024 18:27:30,1.16.3,RevT_R,0,3.67,,1,Left,Left,313,303,289,0,,,0.26
11/21/2024 18:27:31,1.16.3,RevT_R,0,3.67,2.0,1,Pellet,Left,313,303,290,0,0.61,41.0,
11/21/2024 18:28:05,1.16.3,RevT_R,0,3.67,,1,Right,Left,313,304,290,0,,,0.15
11/21/2024 18:28:08,1.16.3,RevT_R,0,3.67,,1,Left,Left,314,304,290,0,,,0.08
11/21/2024 18:28:09,1.16.3,RevT_R,0,3.67,1.0,1,Pellet,Left,314,304,291,0,0.42,38.0,
11/21/2024 18:28:37,1.16.3,RevT_R,0,3.67,,1,Right,Left,314,305,291,0,,,0.2
11/21/2024 18:28:48,1.16.3,RevT_R,0,3.67,,1,Left,Left,315,305,291,0,,,0.16
11/21/2024 18:28:49,1.16.3,RevT_R,0,3.67,1.0,1,Pellet,Left,315,305,292,0,0.61,40.0,
11/21/2024 18:35:14,1.16.3,RevT_R,0,3.67,,1,Right,Left,315,306,292,0,,,0.0
11/21/2024 18:35:20,1.16.3,RevT_R,0,3.67,,1,Right,Left,315,307,292,0,,,0.41
11/21/2024 18:35:24,1.16.3,RevT_R,0,3.67,,1,Right,Left,315,308,292,0,,,0.2
11/21/2024 18:52:03,1.16.3,RevT_R,0,3.67,,1,Right,Left,315,309,292,0,,,0.63
11/21/2024 18:52:05,1.16.3,RevT_R,0,3.67,,1,Right,Left,315,310,292,0,,,0.4
11/21/2024 18:52:07,1.16.3,RevT_R,0,3.67,,1,Right,Left,315,311,292,0,,,0.26
11/21/2024 18:52:09,1.16.3,RevT_R,0,3.67,,1,Left,Left,316,311,292,0,,,0.09
11/21/2024 18:52:11,1.16.3,RevT_R,0,3.67,1.0,1,Pellet,Left,316,311,293,0,1.71,1402.0,
11/21/2024 18:52:34,1.16.3,RevT_R,0,3.67,,1,Left,Left,317,311,293,0,,,0.12
11/21/2024 18:52:36,1.16.3,RevT_R,0,3.67,2.0,1,Pellet,Left,317,311,294,0,0.61,25.0,
11/21/2024 18:52:53,1.16.3,RevT_R,0,3.67,,1,Left,Left,318,311,294,0,,,0.08
11/21/2024 18:52:54,1.16.3,RevT_R,0,3.67,1.0,1,Pellet,Left,318,311,295,0,0.48,18.0,
11/21/2024 18:53:11,1.16.3,RevT_R,0,3.67,,1,Left,Left,319,311,295,0,,,0.04
11/21/2024 18:53:13,1.16.3,RevT_R,0,3.67,2.0,1,Pellet,Left,319,311,296,0,0.55,19.0,
11/21/2024 18:53:35,1.16.3,RevT_R,0,3.67,,1,Left,Left,320,311,296,0,,,0.2
11/21/2024 18:53:36,1.16.3,RevT_R,0,3.67,2.0,1,Pellet,Left,320,311,297,0,0.85,23.0,
11/21/2024 18:54:02,1.16.3,RevT_R,0,3.67,,1,Left,Left,321,311,297,0,,,0.06
11/21/2024 18:54:03,1.16.3,RevT_R,0,3.67,1.0,1,Pellet,Left,321,311,298,0,0.67,27.0,
11/21/2024 18:54:36,1.16.3,RevT_R,0,3.67,,1,Left,Left,322,311,298,0,,,0.29
11/21/2024 18:54:37,1.16.3,RevT_R,0,3.67,1.0,1,Pellet,Left,322,311,299,0,0.48,34.0,
11/21/2024 19:06:36,1.16.3,RevT_R,0,3.67,,1,Right,Left,322,312,299,0,,,0.08
11/21/2024 19:09:57,1.16.3,RevT_R,0,3.67,,1,Left,Left,323,312,299,0,,,0.12
11/21/2024 19:10:00,1.16.3,RevT_R,0,3.67,1.0,1,Pellet,Left,323,312,300,0,2.14,923.0,
11/21/2024 19:10:24,1.16.3,RevT_R,0,3.67,,1,Right,Right,323,313,300,0,,,0.16
11/21/2024 19:10:25,1.16.3,RevT_R,0,3.67,1.0,1,Pellet,Right,323,313,301,0,0.67,25.0,
11/21/2024 19:19:51,1.16.3,RevT_R,0,3.67,,1,Right,Right,323,314,301,0,,,0.03
11/21/2024 19:19:53,1.16.3,RevT_R,0,3.67,1.0,1,Pellet,Right,323,314,302,0,0.85,568.0,
11/21/2024 19:21:28,1.16.3,RevT_R,0,3.67,,1,Left,Right,324,314,302,0,,,0.29
11/21/2024 19:22:21,1.16.3,RevT_R,0,3.67,,1,Right,Right,324,315,302,0,,,0.16
11/21/2024 19:22:23,1.16.3,RevT_R,0,3.67,1.0,1,Pellet,Right,324,315,303,0,1.65,150.0,
11/21/2024 20:31:53,1.16.3,RevT_R,0,3.67,,1,Right,Right,324,316,303,0,,,0.03
11/21/2024 20:31:57,1.16.3,RevT_R,0,3.67,1.0,1,Pellet,Right,324,316,304,0,2.57,4174.0,
11/21/2024 20:32:31,1.16.3,RevT_R,0,3.67,,1,Left,Right,325,316,304,0,,,0.22
11/21/2024 20:32:33,1.16.3,RevT_R,0,3.67,,1,Left,Right,326,316,304,0,,,0.27
11/21/2024 20:32:36,1.16.3,RevT_R,0,3.67,,1,Left,Right,327,316,304,0,,,0.11
11/21/2024 20:32:38,1.16.3,RevT_R,0,3.67,,1,Left,Right,328,316,304,0,,,0.14
11/21/2024 20:32:41,1.16.3,RevT_R,0,3.67,,1,Left,Right,329,316,304,0,,,0.05
11/21/2024 20:33:06,1.16.3,RevT_R,0,3.67,,1,Left,Right,330,316,304,0,,,0.33
11/21/2024 20:33:08,1.16.3,RevT_R,0,3.67,,1,Left,Right,331,316,304,0,,,0.37
11/21/2024 20:33:10,1.16.3,RevT_R,0,3.67,,1,Left,Right,332,316,304,0,,,0.19
11/21/2024 20:33:12,1.16.3,RevT_R,0,3.67,,1,Left,Right,333,316,304,0,,,0.33
11/21/2024 20:33:17,1.16.3,RevT_R,0,3.67,,1,Left,Right,334,316,304,0,,,0.17
11/21/2024 20:33:18,1.16.3,RevT_R,0,3.67,,1,Left,Right,335,316,304,0,,,0.17
11/21/2024 20:33:20,1.16.3,RevT_R,0,3.67,,1,Right,Right,335,317,304,0,,,0.19
11/21/2024 20:33:22,1.16.3,RevT_R,0,3.67,1.0,1,Pellet,Right,335,317,305,0,0.91,85.0,
11/21/2024 20:33:46,1.16.3,RevT_R,0,3.67,,1,Right,Right,335,318,305,0,,,0.13
11/21/2024 20:33:47,1.16.3,RevT_R,0,3.67,1.0,1,Pellet,Right,335,318,306,0,0.67,25.0,
11/21/2024 20:34:17,1.16.3,RevT_R,0,3.67,,1,Right,Right,335,319,306,0,,,0.14
11/21/2024 20:34:20,1.16.3,RevT_R,0,3.67,1.0,1,Pellet,Right,335,319,307,0,1.40,33.0,
11/21/2024 20:34:48,1.16.3,RevT_R,0,3.67,,1,Right,Right,335,320,307,0,,,0.38
11/21/2024 20:34:49,1.16.3,RevT_R,0,3.67,1.0,1,Pellet,Right,335,320,308,0,0.36,29.0,
11/21/2024 20:35:33,1.16.3,RevT_R,0,3.67,,1,Left,Right,336,320,308,0,,,0.15
11/21/2024 20:35:34,1.16.3,RevT_R,0,3.67,,1,Left,Right,337,320,308,0,,,0.27
11/21/2024 20:35:37,1.16.3,RevT_R,0,3.67,,1,Left,Right,338,320,308,0,,,0.37
11/21/2024 20:35:45,1.16.3,RevT_R,0,3.66,,1,Right,Right,338,321,308,0,,,0.26
11/21/2024 20:35:47,1.16.3,RevT_R,0,3.67,1.0,1,Pellet,Right,338,321,309,0,0.98,58.0,
11/21/2024 21:04:36,1.16.3,RevT_R,0,3.67,,1,Right,Right,338,322,309,0,,,0.17
11/21/2024 21:04:41,1.16.3,RevT_R,0,3.67,2.0,1,Pellet,Right,338,322,310,0,1.65,1734.0,
11/21/2024 21:05:10,1.16.3,RevT_R,0,3.67,,1,Right,Right,338,323,310,0,,,0.16
11/21/2024 21:05:12,1.16.3,RevT_R,0,3.67,1.0,1,Pellet,Right,338,323,311,0,0.85,31.0,
11/21/2024 21:06:07,1.16.3,RevT_R,0,3.67,,1,Right,Right,338,324,311,0,,,0.43
11/21/2024 21:06:11,1.16.3,RevT_R,0,3.67,2.0,1,Pellet,Right,338,324,312,0,0.79,59.0,
11/21/2024 21:06:44,1.16.3,RevT_R,0,3.67,,1,Right,Right,338,325,312,0,,,0.19
11/21/2024 21:06:45,1.16.3,RevT_R,0,3.67,1.0,1,Pellet,Right,338,325,313,0,0.49,34.0,
11/21/2024 21:07:12,1.16.3,RevT_R,0,3.67,,1,Right,Right,338,326,313,0,,,0.02
11/21/2024 21:07:14,1.16.3,RevT_R,0,3.67,1.0,1,Pellet,Right,338,326,314,0,0.48,29.0,
11/21/2024 21:08:06,1.16.3,RevT_R,0,3.67,,1,Right,Right,338,327,314,0,,,0.39
11/21/2024 21:08:07,1.16.3,RevT_R,0,3.67,1.0,1,Pellet,Right,338,327,315,0,0.67,53.0,
11/21/2024 21:39:09,1.16.3,RevT_R,0,3.67,,1,Right,Right,338,328,315,0,,,0.17
11/21/2024 21:39:11,1.16.3,RevT_R,0,3.67,2.0,1,Pellet,Right,338,328,316,0,0.79,1864.0,
11/21/2024 22:08:22,1.16.3,RevT_R,0,3.67,,1,Right,Right,338,329,316,0,,,0.09
11/21/2024 22:08:24,1.16.3,RevT_R,0,3.67,1.0,1,Pellet,Right,338,329,317,0,1.22,1753.0,
11/21/2024 22:44:12,1.16.3,RevT_R,0,3.67,,1,Right,Right,338,330,317,0,,,0.1
11/21/2024 22:44:13,1.16.3,RevT_R,0,3.67,1.0,1,Pellet,Right,338,330,318,0,0.55,2149.0,
11/21/2024 22:44:43,1.16.3,RevT_R,0,3.67,,1,Right,Right,338,331,318,0,,,0.09
11/21/2024 22:44:45,1.16.3,RevT_R,0,3.67,1.0,1,Pellet,Right,338,331,319,0,0.61,32.0,
11/21/2024 22:45:11,1.16.3,RevT_R,0,3.67,,1,Right,Right,338,332,319,0,,,0.14
11/21/2024 22:45:13,1.16.3,RevT_R,0,3.67,1.0,1,Pellet,Right,338,332,320,0,0.79,28.0,
11/21/2024 22:45:37,1.16.3,RevT_R,0,3.66,,1,Right,Right,338,333,320,0,,,0.17
11/21/2024 22:45:39,1.16.3,RevT_R,0,3.67,1.0,1,Pellet,Right,338,333,321,0,0.73,26.0,
11/21/2024 22:46:10,1.16.3,RevT_R,0,3.67,,1,Right,Right,338,334,321,0,,,0.19
11/21/2024 22:46:12,1.16.3,RevT_R,0,3.67,1.0,1,Pellet,Right,338,334,322,0,0.49,33.0,
11/21/2024 22:46:45,1.16.3,RevT_R,0,3.66,,1,Right,Right,338,335,322,0,,,0.2
11/21/2024 22:46:46,1.16.3,RevT_R,0,3.67,1.0,1,Pellet,Right,338,335,323,0,0.67,34.0,
11/21/2024 23:21:46,1.16.3,RevT_R,0,3.67,,1,Right,Right,338,336,323,0,,,0.16
11/21/2024 23:21:49,1.16.3,RevT_R,0,3.67,2.0,1,Pellet,Right,338,336,324,0,0.67,2103.0,
11/21/2024 23:27:03,1.16.3,RevT_R,0,3.67,,1,Right,Right,338,337,324,0,,,0.44
11/21/2024 23:27:06,1.16.3,RevT_R,0,3.67,1.0,1,Pellet,Right,338,337,325,0,2.26,317.0,
11/21/2024 23:53:00,1.16.3,RevT_R,0,3.67,,1,Right,Left,338,338,325,0,,,0.33
11/21/2024 23:53:10,1.16.3,RevT_R,0,3.67,,1,Right,Left,338,339,325,0,,,0.29
11/22/2024 0:25:55,1.16.3,RevT_R,0,3.67,,1,Right,Left,338,340,325,0,,,1.06
11/22/2024 0:26:00,1.16.3,RevT_R,0,3.67,,1,Right,Left,338,341,325,0,,,0.04
11/22/2024 0:26:01,1.16.3,RevT_R,0,3.67,,1,Right,Left,338,342,325,0,,,0.32
11/22/2024 0:26:06,1.16.3,RevT_R,0,3.67,,1,Right,Left,338,343,325,0,,,0.25
11/22/2024 0:26:07,1.16.3,RevT_R,0,3.67,,1,Right,Left,338,344,325,0,,,0.18
11/22/2024 0:26:14,1.16.3,RevT_R,0,3.67,,1,Left,Left,339,344,325,0,,,0.22
11/22/2024 0:26:16,1.16.3,RevT_R,0,3.67,1.0,1,Pellet,Left,339,344,326,0,0.61,3550.0,
11/22/2024 0:27:01,1.16.3,RevT_R,0,3.67,,1,Left,Left,340,344,326,0,,,0.36
11/22/2024 0:27:02,1.16.3,RevT_R,0,3.67,1.0,1,Pellet,Left,340,344,327,0,0.24,46.0,
11/22/2024 0:27:38,1.16.3,RevT_R,0,3.67,,1,Left,Left,341,344,327,0,,,0.23
11/22/2024 0:27:39,1.16.3,RevT_R,0,3.67,1.0,1,Pellet,Left,341,344,328,0,0.42,37.0,
11/22/2024 1:19:23,1.16.3,RevT_R,0,3.67,,1,Right,Left,341,345,328,0,,,0.23
11/22/2024 1:19:40,1.16.3,RevT_R,0,3.66,,1,Left,Left,342,345,328,0,,,0.29
11/22/2024 1:19:41,1.16.3,RevT_R,0,3.67,1.0,1,Pellet,Left,342,345,329,0,0.61,3122.0,
11/22/2024 1:21:12,1.16.3,RevT_R,0,3.67,,1,Right,Left,342,346,329,0,,,0.02
11/22/2024 1:54:32,1.16.3,RevT_R,0,3.66,,1,Right,Left,342,347,329,0,,,1.67
11/22/2024 1:54:35,1.16.3,RevT_R,0,3.67,,1,Right,Left,342,348,329,0,,,0.32
11/22/2024 1:54:47,1.16.3,RevT_R,0,3.67,,1,Right,Left,342,349,329,0,,,0.13
11/22/2024 1:54:51,1.16.3,RevT_R,0,3.67,,1,Right,Left,342,350,329,0,,,0.29
11/22/2024 1:54:56,1.16.3,RevT_R,0,3.67,,1,Left,Left,343,350,329,0,,,0.29
11/22/2024 1:54:57,1.16.3,RevT_R,0,3.66,1.0,1,Pellet,Left,343,350,330,0,0.48,2116.0,
11/22/2024 1:55:38,1.16.3,RevT_R,0,3.67,,1,Left,Left,344,350,330,0,,,0.18
11/22/2024 1:55:39,1.16.3,RevT_R,0,3.67,1.0,1,Pellet,Left,344,350,331,0,0.36,42.0,
11/22/2024 2:31:03,1.16.3,RevT_R,0,3.66,,1,Right,Left,344,351,331,0,,,0.36
11/22/2024 2:31:05,1.16.3,RevT_R,0,3.67,,1,Right,Left,344,352,331,0,,,0.27
11/22/2024 2:31:11,1.16.3,RevT_R,0,3.66,,1,Right,Left,344,353,331,0,,,0.75
11/22/2024 2:31:12,1.16.3,RevT_R,0,3.67,,1,Right,Left,344,354,331,0,,,0.41
11/22/2024 2:31:19,1.16.3,RevT_R,0,3.66,,1,Right,Left,344,355,331,0,,,0.1
11/22/2024 2:31:23,1.16.3,RevT_R,0,3.67,,1,Left,Left,345,355,331,0,,,0.3
11/22/2024 2:31:24,1.16.3,RevT_R,0,3.67,1.0,1,Pellet,Left,345,355,332,0,0.61,2145.0,
11/22/2024 2:32:06,1.16.3,RevT_R,0,3.67,,1,Left,Left,346,355,332,0,,,0.06
11/22/2024 2:32:08,1.16.3,RevT_R,0,3.67,1.0,1,Pellet,Left,346,355,333,0,0.42,44.0,
11/22/2024 2:32:50,1.16.3,RevT_R,0,3.67,,1,Left,Left,347,355,333,0,,,0.08
11/22/2024 2:32:51,1.16.3,RevT_R,0,3.67,1.0,1,Pellet,Left,347,355,334,0,0.36,43.0,
11/22/2024 2:33:11,1.16.3,RevT_R,0,3.67,,1,Left,Left,348,355,334,0,,,0.07
11/22/2024 2:33:12,1.16.3,RevT_R,0,3.66,2.0,1,Pellet,Left,348,355,335,0,0.73,21.0,
11/22/2024 2:34:35,1.16.3,RevT_R,0,3.67,,1,Left,Left,349,355,335,0,,,0.25
11/22/2024 2:34:36,1.16.3,RevT_R,0,3.67,1.0,1,Pellet,Left,349,355,336,0,0.42,84.0,
11/22/2024 2:35:08,1.16.3,RevT_R,0,3.67,,1,Left,Left,350,355,336,0,,,0.22
11/22/2024 2:35:10,1.16.3,RevT_R,0,3.67,1.0,1,Pellet,Left,350,355,337,0,0.73,33.0,
11/22/2024 2:45:17,1.16.3,RevT_R,0,3.66,,1,Right,Left,350,356,337,0,,,0.0
11/22/2024 3:10:45,1.16.3,RevT_R,0,3.67,,1,Right,Left,350,357,337,0,,,0.19
11/22/2024 3:31:01,1.16.3,RevT_R,0,3.67,,1,Right,Left,350,358,337,0,,,0.23
11/22/2024 3:31:06,1.16.3,RevT_R,0,3.66,,1,Left,Left,351,358,337,0,,,0.05
11/22/2024 3:31:08,1.16.3,RevT_R,0,3.67,1.0,1,Pellet,Left,351,358,338,0,0.61,3359.0,
11/22/2024 3:32:08,1.16.3,RevT_R,0,3.66,,1,Left,Left,352,358,338,0,,,0.05
11/22/2024 3:32:09,1.16.3,RevT_R,0,3.67,,1,LeftDuringDispense,Left,353,358,338,0,,,0.11
11/22/2024 3:32:10,1.16.3,RevT_R,0,3.67,1.0,1,Pellet,Left,353,358,339,0,0.73,62.0,
11/22/2024 3:32:57,1.16.3,RevT_R,0,3.66,,1,Left,Left,354,358,339,0,,,0.25
11/22/2024 3:32:59,1.16.3,RevT_R,0,3.66,2.0,1,Pellet,Left,354,358,340,0,0.30,49.0,
11/22/2024 3:33:23,1.16.3,RevT_R,0,3.67,,1,Left,Left,355,358,340,0,,,0.19
11/22/2024 3:33:25,1.16.3,RevT_R,0,3.67,2.0,1,Pellet,Left,355,358,341,0,0.85,26.0,
11/22/2024 3:33:53,1.16.3,RevT_R,0,3.67,,1,Left,Left,356,358,341,0,,,0.1
11/22/2024 3:33:54,1.16.3,RevT_R,0,3.67,2.0,1,Pellet,Left,356,358,342,0,0.49,29.0,
11/22/2024 4:06:30,1.16.3,RevT_R,0,3.66,,1,Right,Left,356,359,342,0,,,0.03
11/22/2024 4:32:42,1.16.3,RevT_R,0,3.66,,1,Right,Left,356,360,342,0,,,0.04
11/22/2024 4:32:43,1.16.3,RevT_R,0,3.67,,1,Right,Left,356,361,342,0,,,0.0
11/22/2024 4:50:53,1.16.3,RevT_R,0,3.66,,1,Left,Left,357,361,342,0,,,0.24
11/22/2024 4:50:57,1.16.3,RevT_R,0,3.66,2.0,1,Pellet,Left,357,361,343,0,2.45,4623.0,
11/22/2024 4:51:31,1.16.3,RevT_R,0,3.67,,1,Left,Left,358,361,343,0,,,0.05
11/22/2024 4:51:33,1.16.3,RevT_R,0,3.66,2.0,1,Pellet,Left,358,361,344,0,0.42,35.0,
11/22/2024 4:52:00,1.16.3,RevT_R,0,3.66,,1,Right,Left,358,362,344,0,,,0.28
11/22/2024 4:52:01,1.16.3,RevT_R,0,3.66,,1,Right,Left,358,363,344,0,,,0.14
11/22/2024 4:52:08,1.16.3,RevT_R,0,3.67,,1,Left,Left,359,363,344,0,,,0.26
11/22/2024 4:52:09,1.16.3,RevT_R,0,3.66,1.0,1,Pellet,Left,359,363,345,0,0.36,37.0,
11/22/2024 4:52:40,1.16.3,RevT_R,0,3.66,,1,Left,Left,360,363,345,0,,,0.24
11/22/2024 4:52:41,1.16.3,RevT_R,0,3.67,1.0,1,Pellet,Left,360,363,346,0,0.42,32.0,
11/22/2024 4:52:59,1.16.3,RevT_R,0,3.66,,1,Left,Left,361,363,346,0,,,0.2
11/22/2024 4:53:01,1.16.3,RevT_R,0,3.66,1.0,1,Pellet,Left,361,363,347,0,0.85,20.0,
11/22/2024 5:53:35,1.16.3,RevT_R,0,3.66,,1,Right,Left,361,364,347,0,,,0.26
11/22/2024 5:53:39,1.16.3,RevT_R,0,3.66,,1,Right,Left,361,365,347,0,,,0.37
11/22/2024 5:53:42,1.16.3,RevT_R,0,3.66,,1,Left,Left,362,365,347,0,,,0.14
11/22/2024 5:53:44,1.16.3,RevT_R,0,3.66,1.0,1,Pellet,Left,362,365,348,0,1.04,3643.0,
11/22/2024 5:54:22,1.16.3,RevT_R,0,3.66,,1,Left,Left,363,365,348,0,,,0.05
11/22/2024 5:54:23,1.16.3,RevT_R,0,3.66,1.0,1,Pellet,Left,363,365,349,0,0.36,39.0,
11/22/2024 5:55:01,1.16.3,RevT_R,0,3.66,,1,Left,Left,364,365,349,0,,,0.09
11/22/2024 5:55:02,1.16.3,RevT_R,0,3.66,2.0,1,Pellet,Left,364,365,350,0,0.67,39.0,
11/22/2024 5:55:50,1.16.3,RevT_R,0,3.66,,1,Right,Right,364,366,350,0,,,0.35
11/22/2024 5:55:52,1.16.3,RevT_R,0,3.66,1.0,1,Pellet,Right,364,366,351,0,0.85,50.0,
11/22/2024 6:08:42,1.16.3,RevT_R,0,3.66,,1,Right,Right,364,367,351,0,,,0.35
11/22/2024 6:08:46,1.16.3,RevT_R,0,3.66,1.0,1,Pellet,Right,364,367,352,0,3.12,774.0,
11/22/2024 6:36:21,1.16.3,RevT_R,0,3.66,,1,Right,Right,364,368,352,0,,,0.41
11/22/2024 6:36:23,1.16.3,RevT_R,0,3.66,1.0,1,Pellet,Right,364,368,353,0,1.04,1657.0,
11/22/2024 7:02:33,1.16.3,RevT_R,0,3.66,,1,Right,Right,364,369,353,0,,,0.25
11/22/2024 7:02:35,1.16.3,RevT_R,0,3.66,1.0,1,Pellet,Right,364,369,354,0,0.85,1572.0,
11/22/2024 7:03:21,1.16.3,RevT_R,0,3.66,,1,Left,Right,365,369,354,0,,,0.11
11/22/2024 7:03:29,1.16.3,RevT_R,0,3.66,,1,Left,Right,366,369,354,0,,,0.2
11/22/2024 7:03:31,1.16.3,RevT_R,0,3.66,,1,Left,Right,367,369,354,0,,,0.24
11/22/2024 7:03:32,1.16.3,RevT_R,0,3.67,,1,Left,Right,368,369,354,0,,,0.12
11/22/2024 7:03:39,1.16.3,RevT_R,0,3.66,,1,Right,Right,368,370,354,0,,,0.19
11/22/2024 7:03:41,1.16.3,RevT_R,0,3.66,1.0,1,Pellet,Right,368,370,355,0,1.34,66.0,
11/22/2024 7:04:16,1.16.3,RevT_R,0,3.66,,1,Right,Right,368,371,355,0,,,0.2
11/22/2024 7:04:17,1.16.3,RevT_R,0,3.66,2.0,1,Pellet,Right,368,371,356,0,0.67,36.0,
11/22/2024 7:05:04,1.16.3,RevT_R,0,3.66,,1,Right,Right,368,372,356,0,,,0.47
11/22/2024 7:05:05,1.16.3,RevT_R,0,3.66,1.0,1,Pellet,Right,368,372,357,0,0.42,48.0,
11/22/2024 7:12:21,1.16.3,RevT_R,0,3.66,,1,Right,Right,368,373,357,0,,,0.04
11/22/2024 7:20:17,1.16.3,RevT_R,0,3.66,,1,RightWithPellet,Right,368,374,357,0,,,0.26
11/22/2024 7:20:57,1.16.3,RevT_R,0,3.66,,1,RightWithPellet,Right,368,375,357,0,,,0.49
11/22/2024 7:21:28,1.16.3,RevT_R,0,3.66,,1,RightWithPellet,Right,368,376,357,0,,,0.31
11/22/2024 7:23:58,1.16.3,RevT_R,0,3.66,,1,RightWithPellet,Right,368,377,357,0,,,0.17
11/22/2024 7:24:58,1.16.3,RevT_R,0,3.67,1.0,1,Pellet,Right,368,377,358,0,Timed_out,1193.0,
11/22/2024 7:25:33,1.16.3,RevT_R,0,3.66,,1,Right,Right,368,378,358,0,,,0.09
11/22/2024 7:25:34,1.16.3,RevT_R,0,3.66,1.0,1,Pellet,Right,368,378,359,0,0.79,36.0,
11/22/2024 7:45:11,1.16.3,RevT_R,0,3.66,,1,Right,Right,368,379,359,0,,,0.35
11/22/2024 7:45:14,1.16.3,RevT_R,0,3.66,1.0,1,Pellet,Right,368,379,360,0,1.71,1180.0,
11/22/2024 7:46:24,1.16.3,RevT_R,0,3.66,,1,Right,Right,368,380,360,0,,,0.35
11/22/2024 7:46:25,1.16.3,RevT_R,0,3.66,1.0,1,Pellet,Right,368,380,361,0,0.61,71.0,
11/22/2024 8:08:31,1.16.3,RevT_R,0,3.66,,1,Right,Right,368,381,361,0,,,0.08
11/22/2024 8:08:32,1.16.3,RevT_R,0,3.66,,1,RightDuringDispense,Right,368,382,361,0,,,0.01
11/22/2024 8:08:36,1.16.3,RevT_R,0,3.66,2.0,1,Pellet,Right,368,382,362,0,1.04,1331.0,
11/22/2024 8:09:05,1.16.3,RevT_R,0,3.66,,1,Right,Right,368,383,362,0,,,0.19
11/22/2024 8:09:06,1.16.3,RevT_R,0,3.66,1.0,1,Pellet,Right,368,383,363,0,0.49,30.0,
11/22/2024 8:27:13,1.16.3,RevT_R,0,3.66,,1,Right,Right,368,384,363,0,,,0.19
11/22/2024 8:27:15,1.16.3,RevT_R,0,3.66,1.0,1,Pellet,Right,368,384,364,0,1.34,1089.0,
11/22/2024 8:28:20,1.16.3,RevT_R,0,3.66,,1,Left,Right,369,384,364,0,,,0.15
11/22/2024 8:28:41,1.16.3,RevT_R,0,3.66,,1,Right,Right,369,385,364,0,,,0.23
11/22/2024 8:28:43,1.16.3,RevT_R,0,3.66,2.0,1,Pellet,Right,369,385,365,0,1.16,88.0,
11/22/2024 8:53:22,1.16.3,RevT_R,0,3.66,,1,Right,Right,369,386,365,0,,,0.2
11/22/2024 8:53:23,1.16.3,RevT_R,0,3.66,1.0,1,Pellet,Right,369,386,366,0,0.49,1480.0,
11/22/2024 8:54:06,1.16.3,RevT_R,0,3.66,,1,Left,Right,370,386,366,0,,,0.07
11/22/2024 8:54:08,1.16.3,RevT_R,0,3.66,,1,Left,Right,371,386,366,0,,,0.18
11/22/2024 8:54:09,1.16.3,RevT_R,0,3.66,,1,Left,Right,372,386,366,0,,,0.08
11/22/2024 8:54:14,1.16.3,RevT_R,0,3.66,,1,Left,Right,373,386,366,0,,,0.03
11/22/2024 8:54:19,1.16.3,RevT_R,0,3.66,,1,Left,Right,374,386,366,0,,,0.11
11/22/2024 8:54:20,1.16.3,RevT_R,0,3.67,,1,Left,Right,375,386,366,0,,,0.05
11/22/2024 8:54:30,1.16.3,RevT_R,0,3.65,,1,Right,Right,375,387,366,0,,,0.33
11/22/2024 8:54:32,1.16.3,RevT_R,0,3.66,2.0,1,Pellet,Right,375,387,367,0,0.48,69.0,
11/22/2024 8:55:26,1.16.3,RevT_R,0,3.66,,1,Right,Right,375,388,367,0,,,0.38
11/22/2024 8:55:28,1.16.3,RevT_R,0,3.66,2.0,1,Pellet,Right,375,388,368,0,1.10,56.0,
11/22/2024 9:17:37,1.16.3,RevT_R,0,3.66,,1,Left,Right,376,388,368,0,,,0.22
11/22/2024 9:17:39,1.16.3,RevT_R,0,3.66,,1,Left,Right,377,388,368,0,,,0.2
11/22/2024 9:18:02,1.16.3,RevT_R,0,3.66,,1,Right,Right,377,389,368,0,,,0.3
11/22/2024 9:18:04,1.16.3,RevT_R,0,3.66,2.0,1,Pellet,Right,377,389,369,0,0.36,1356.0,
11/22/2024 9:18:31,1.16.3,RevT_R,0,3.66,,1,Right,Right,377,390,369,0,,,0.06
11/22/2024 9:18:33,1.16.3,RevT_R,0,3.66,2.0,1,Pellet,Right,377,390,370,0,0.67,29.0,
11/22/2024 9:18:54,1.16.3,RevT_R,0,3.66,,1,Right,Right,377,391,370,0,,,0.12
11/22/2024 9:18:55,1.16.3,RevT_R,0,3.66,2.0,1,Pellet,Right,377,391,371,0,0.55,22.0,
11/22/2024 9:19:22,1.16.3,RevT_R,0,3.65,,1,Right,Right,377,392,371,0,,,0.27
11/22/2024 9:19:23,1.16.3,RevT_R,0,3.65,1.0,1,Pellet,Right,377,392,372,0,0.36,28.0,
11/22/2024 9:19:47,1.16.3,RevT_R,0,3.66,,1,Right,Right,377,393,372,0,,,0.17
11/22/2024 9:19:49,1.16.3,RevT_R,0,3.66,2.0,1,Pellet,Right,377,393,373,0,0.73,26.0,
11/22/2024 9:40:20,1.16.3,RevT_R,0,3.66,,1,Right,Right,377,394,373,0,,,0.04
11/22/2024 9:40:22,1.16.3,RevT_R,0,3.65,1.0,1,Pellet,Right,377,394,374,0,1.03,1232.0,
11/22/2024 9:40:51,1.16.3,RevT_R,0,3.66,,1,Right,Right,377,395,374,0,,,0.09
11/22/2024 9:40:55,1.16.3,RevT_R,0,3.66,2.0,1,Pellet,Right,377,395,375,0,1.22,34.0,
11/22/2024 9:41:29,1.16.3,RevT_R,0,3.66,,1,Right,Left,377,396,375,0,,,0.07
11/22/2024 9:41:33,1.16.3,RevT_R,0,3.66,,1,Right,Left,377,397,375,0,,,0.06
11/22/2024 9:41:34,1.16.3,RevT_R,0,3.66,,1,Right,Left,377,398,375,0,,,0.13
11/22/2024 10:11:05,1.16.3,RevT_R,0,3.66,,1,Left,Left,378,398,375,0,,,0.04
11/22/2024 10:11:06,1.16.3,RevT_R,0,3.66,1.0,1,Pellet,Left,378,398,376,0,1.10,1811.0,
11/22/2024 10:11:37,1.16.3,RevT_R,0,3.66,,1,Left,Left,379,398,376,0,,,0.1
11/22/2024 10:11:39,1.16.3,RevT_R,0,3.66,1.0,1,Pellet,Left,379,398,377,0,1.10,33.0,
11/22/2024 10:12:01,1.16.3,RevT_R,0,3.66,,1,Left,Left,380,398,377,0,,,0.2
11/22/2024 10:12:03,1.16.3,RevT_R,0,3.66,2.0,1,Pellet,Left,380,398,378,0,0.97,24.0,
11/22/2024 10:12:16,1.16.3,RevT_R,0,3.66,,1,Right,Left,380,399,378,0,,,0.11
11/22/2024 10:12:22,1.16.3,RevT_R,0,3.66,,1,Right,Left,380,400,378,0,,,0.15
11/22/2024 10:12:23,1.16.3,RevT_R,0,3.66,,1,Right,Left,380,401,378,0,,,0.18
11/22/2024 10:12:27,1.16.3,RevT_R,0,3.65,,1,Right,Left,380,402,378,0,,,0.02
11/22/2024 10:12:30,1.16.3,RevT_R,0,3.65,,1,Right,Left,380,403,378,0,,,0.76
11/22/2024 10:12:35,1.16.3,RevT_R,0,3.67,,1,Right,Left,380,404,378,0,,,1.27
11/22/2024 10:12:37,1.16.3,RevT_R,0,3.66,,1,Right,Left,380,405,378,0,,,0.24
11/22/2024 10:12:40,1.16.3,RevT_R,0,3.66,,1,Right,Left,380,406,378,0,,,0.19
11/22/2024 10:12:44,1.16.3,RevT_R,0,3.66,,1,Left,Left,381,406,378,0,,,0.29
11/22/2024 10:12:46,1.16.3,RevT_R,0,3.65,1.0,1,Pellet,Left,381,406,379,0,0.67,43.0,
11/22/2024 10:13:11,1.16.3,RevT_R,0,3.66,,1,Left,Left,382,406,379,0,,,0.07
11/22/2024 10:13:13,1.16.3,RevT_R,0,3.65,2.0,1,Pellet,Left,382,406,380,0,0.55,27.0,
11/22/2024 10:31:01,1.16.3,RevT_R,0,3.66,,1,Left,Left,383,406,380,0,,,0.15
11/22/2024 10:31:04,1.16.3,RevT_R,0,3.66,1.0,1,Pellet,Left,383,406,381,0,1.77,1071.0,
11/22/2024 10:37:35,1.16.3,RevT_R,0,3.66,,1,Left,Left,384,406,381,0,,,0.04
11/22/2024 10:37:37,1.16.3,RevT_R,0,3.65,2.0,1,Pellet,Left,384,406,382,0,0.97,393.0,
11/22/2024 10:46:22,1.16.3,RevT_R,0,3.66,,1,Left,Left,385,406,382,0,,,0.01
11/22/2024 10:46:24,1.16.3,RevT_R,0,3.66,1.0,1,Pellet,Left,385,406,383,0,0.67,527.0,
11/22/2024 10:47:05,1.16.3,RevT_R,0,3.65,,1,Left,Left,386,406,383,0,,,0.13
11/22/2024 10:47:06,1.16.3,RevT_R,0,3.66,1.0,1,Pellet,Left,386,406,384,0,0.85,42.0,
11/22/2024 10:47:25,1.16.3,RevT_R,0,3.66,,1,Left,Left,387,406,384,0,,,0.1
11/22/2024 10:47:26,1.16.3,RevT_R,0,3.66,1.0,1,Pellet,Left,387,406,385,0,0.55,20.0,
11/22/2024 10:47:54,1.16.3,RevT_R,0,3.66,,1,Left,Left,388,406,385,0,,,0.11
11/22/2024 10:47:57,1.16.3,RevT_R,0,3.65,2.0,1,Pellet,Left,388,406,386,0,0.67,31.0,
11/22/2024 10:58:27,1.16.3,RevT_R,0,3.65,,1,Right,Left,388,407,386,0,,,0.15
11/22/2024 10:59:44,1.16.3,RevT_R,0,3.65,,1,Left,Left,389,407,386,0,,,0.04
11/22/2024 10:59:47,1.16.3,RevT_R,0,3.65,1.0,1,Pellet,Left,389,407,387,0,2.39,710.0,
11/22/2024 11:01:06,1.16.3,RevT_R,0,3.65,,1,Right,Left,389,408,387,0,,,0.35
11/22/2024 11:01:07,1.16.3,RevT_R,0,3.66,,1,Left,Left,390,408,387,0,,,0.44
11/22/2024 11:02:09,1.16.3,RevT_R,0,3.66,,1,RightWithPellet,Left,390,409,387,0,,,0.08
11/22/2024 11:03:03,1.16.3,RevT_R,0,3.66,2.0,1,Pellet,Left,390,409,388,0,Timed_out,196.0,
11/22/2024 11:03:23,1.16.3,RevT_R,0,3.66,,1,Right,Left,390,410,388,0,,,0.22
11/22/2024 11:04:17,1.16.3,RevT_R,0,3.66,,1,Right,Left,390,411,388,0,,,0.1
11/22/2024 11:11:41,1.16.3,RevT_R,0,3.66,,1,Right,Left,390,412,388,0,,,0.06
11/22/2024 11:17:21,1.16.3,RevT_R,0,3.66,,1,Right,Left,390,413,388,0,,,0.26
11/22/2024 11:27:52,1.16.3,RevT_R,0,3.66,,1,Right,Left,390,414,388,0,,,0.1
11/22/2024 11:29:58,1.16.3,RevT_R,0,3.66,,1,Right,Left,390,415,388,0,,,0.23
11/22/2024 11:39:41,1.16.3,RevT_R,0,3.66,,1,Left,Left,391,415,388,0,,,0.07
11/22/2024 11:39:46,1.16.3,RevT_R,0,3.65,2.0,1,Pellet,Left,391,415,389,0,1.22,2203.0,
11/22/2024 11:40:23,1.16.3,RevT_R,0,3.66,,1,Left,Left,392,415,389,0,,,0.12
11/22/2024 11:40:25,1.16.3,RevT_R,0,3.66,1.0,1,Pellet,Left,392,415,390,0,0.49,39.0,
11/22/2024 11:40:48,1.16.3,RevT_R,0,3.66,,1,Left,Left,393,415,390,0,,,0.22
11/22/2024 11:40:49,1.16.3,RevT_R,0,3.66,1.0,1,Pellet,Left,393,415,391,0,0.42,24.0,
11/22/2024 11:41:04,1.16.3,RevT_R,0,3.66,,1,Left,Left,394,415,391,0,,,0.14
11/22/2024 11:41:06,1.16.3,RevT_R,0,3.66,2.0,1,Pellet,Left,394,415,392,0,0.73,17.0,
11/22/2024 11:41:35,1.16.3,RevT_R,0,3.65,,1,Left,Left,395,415,392,0,,,0.06
11/22/2024 11:41:37,1.16.3,RevT_R,0,3.66,1.0,1,Pellet,Left,395,415,393,0,0.73,31.0,
11/22/2024 11:41:56,1.16.3,RevT_R,0,3.66,,1,Left,Left,396,415,393,0,,,0.17
11/22/2024 11:41:58,1.16.3,RevT_R,0,3.66,1.0,1,Pellet,Left,396,415,394,0,0.55,21.0,
11/22/2024 11:43:10,1.16.3,RevT_R,0,3.65,,1,Right,Left,396,416,394,0,,,0.0
11/22/2024 11:43:44,1.16.3,RevT_R,0,3.66,,1,Right,Left,396,417,394,0,,,0.1
11/22/2024 12:01:28,1.16.3,RevT_R,0,3.66,,1,Left,Left,397,417,394,0,,,0.26
11/22/2024 12:01:29,1.16.3,RevT_R,0,3.66,1.0,1,Pellet,Left,397,417,395,0,0.85,1171.0,
11/22/2024 12:01:54,1.16.3,RevT_R,0,3.65,,1,Right,Left,397,418,395,0,,,0.1
11/22/2024 12:01:59,1.16.3,RevT_R,0,3.66,,1,Left,Left,398,418,395,0,,,0.18
11/22/2024 12:02:00,1.16.3,RevT_R,0,3.65,1.0,1,Pellet,Left,398,418,396,0,0.42,31.0,
11/22/2024 12:02:21,1.16.3,RevT_R,0,3.66,,1,Right,Left,398,419,396,0,,,0.12
11/22/2024 12:02:24,1.16.3,RevT_R,0,3.65,,1,Left,Left,399,419,396,0,,,0.16
11/22/2024 12:02:25,1.16.3,RevT_R,0,3.65,1.0,1,Pellet,Left,399,419,397,0,0.42,25.0,
11/22/2024 12:02:50,1.16.3,RevT_R,0,3.66,,1,Left,Left,400,419,397,0,,,0.2
11/22/2024 12:02:52,1.16.3,RevT_R,0,3.65,2.0,1,Pellet,Left,400,419,398,0,0.61,27.0,
11/22/2024 12:03:19,1.16.3,RevT_R,0,3.65,,1,Left,Left,401,419,398,0,,,0.12
11/22/2024 12:03:20,1.16.3,RevT_R,0,3.65,1.0,1,Pellet,Left,401,419,399,0,0.42,28.0,
11/22/2024 12:03:43,1.16.3,RevT_R,0,3.65,,1,Left,Left,402,419,399,0,,,0.07
11/22/2024 12:03:44,1.16.3,RevT_R,0,3.66,1.0,1,Pellet,Left,402,419,400,0,0.55,24.0,
11/22/2024 12:28:33,1.16.3,RevT_R,0,3.65,,1,Right,Right,402,420,400,0,,,0.14
11/22/2024 12:28:35,1.16.3,RevT_R,0,3.65,1.0,1,Pellet,Right,402,420,401,0,0.73,1491.0,
11/22/2024 12:29:03,1.16.3,RevT_R,0,3.65,,1,Right,Right,402,421,401,0,,,0.09
11/22/2024 12:29:05,1.16.3,RevT_R,0,3.66,1.0,1,Pellet,Right,402,421,402,0,0.67,30.0,
11/22/2024 12:29:35,1.16.3,RevT_R,0,3.65,,1,Left,Right,403,421,402,0,,,0.13
11/22/2024 12:29:38,1.16.3,RevT_R,0,3.66,,1,Left,Right,404,421,402,0,,,0.2
11/22/2024 12:42:43,1.16.3,RevT_R,0,3.65,,1,Right,Right,404,422,402,0,,,0.01
11/22/2024 12:42:45,1.16.3,RevT_R,0,3.66,1.0,1,Pellet,Right,404,422,403,0,0.85,820.0,
11/22/2024 12:43:22,1.16.3,RevT_R,0,3.65,,1,Right,Right,404,423,403,0,,,0.08
11/22/2024 12:43:23,1.16.3,RevT_R,0,3.66,1.0,1,Pellet,Right,404,423,404,0,0.36,38.0,
11/22/2024 12:43:57,1.16.3,RevT_R,0,3.65,,1,Left,Right,405,423,404,0,,,0.11
11/22/2024 12:43:59,1.16.3,RevT_R,0,3.65,,1,Left,Right,406,423,404,0,,,0.13
11/22/2024 12:44:03,1.16.3,RevT_R,0,3.66,,1,Right,Right,406,424,404,0,,,0.14
11/22/2024 12:44:05,1.16.3,RevT_R,0,3.65,1.0,1,Pellet,Right,406,424,405,0,1.16,42.0,
11/22/2024 12:44:30,1.16.3,RevT_R,0,3.66,,1,Left,Right,407,424,405,0,,,0.17
11/22/2024 12:44:32,1.16.3,RevT_R,0,3.65,,1,Left,Right,408,424,405,0,,,0.22
11/22/2024 12:44:35,1.16.3,RevT_R,0,3.65,,1,Left,Right,409,424,405,0,,,0.33
11/22/2024 12:44:38,1.16.3,RevT_R,0,3.65,,1,Right,Right,409,425,405,0,,,0.09
11/22/2024 12:44:40,1.16.3,RevT_R,0,3.66,1.0,1,Pellet,Right,409,425,406,0,0.67,34.0,
11/22/2024 12:45:03,1.16.3,RevT_R,0,3.65,,1,Right,Right,409,426,406,0,,,0.07
11/22/2024 12:45:05,1.16.3,RevT_R,0,3.66,2.0,1,Pellet,Right,409,426,407,0,0.55,26.0,
11/22/2024 12:45:38,1.16.3,RevT_R,0,3.65,,1,Right,Right,409,427,407,0,,,0.02
11/22/2024 12:45:39,1.16.3,RevT_R,0,3.66,1.0,1,Pellet,Right,409,427,408,0,0.55,34.0,
11/22/2024 13:05:30,1.16.3,RevT_R,0,3.65,,1,Right,Right,409,428,408,0,,,0.16
11/22/2024 13:05:33,1.16.3,RevT_R,0,3.65,1.0,1,Pellet,Right,409,428,409,0,2.08,1194.0,
11/22/2024 13:20:19,1.16.3,RevT_R,0,3.65,,1,Right,Right,409,429,409,0,,,0.24
11/22/2024 13:20:21,1.16.3,RevT_R,0,3.66,1.0,1,Pellet,Right,409,429,410,0,1.22,888.0,
11/22/2024 13:20:53,1.16.3,RevT_R,0,3.65,,1,Left,Right,410,429,410,0,,,0.07
11/22/2024 13:20:54,1.16.3,RevT_R,0,3.65,,1,Left,Right,411,429,410,0,,,0.17
11/22/2024 13:21:03,1.16.3,RevT_R,0,3.65,,1,Right,Right,411,430,410,0,,,0.04
11/22/2024 13:21:04,1.16.3,RevT_R,0,3.66,2.0,1,Pellet,Right,411,430,411,0,0.42,43.0,
11/22/2024 13:21:28,1.16.3,RevT_R,0,3.66,,1,Right,Right,411,431,411,0,,,0.0
11/22/2024 13:21:30,1.16.3,RevT_R,0,3.64,1.0,1,Pellet,Right,411,431,412,0,0.97,26.0,
11/22/2024 13:22:01,1.16.3,RevT_R,0,3.66,,1,Right,Right,411,432,412,0,,,0.16
11/22/2024 13:22:03,1.16.3,RevT_R,0,3.65,1.0,1,Pellet,Right,411,432,413,0,0.67,33.0,
11/22/2024 13:23:34,1.16.3,RevT_R,0,3.65,,1,Right,Right,411,433,413,0,,,0.28
11/22/2024 13:23:35,1.16.3,RevT_R,0,3.65,1.0,1,Pellet,Right,411,433,414,0,0.42,92.0,
11/22/2024 13:24:02,1.16.3,RevT_R,0,3.65,,1,Right,Right,411,434,414,0,,,0.06
11/22/2024 13:24:06,1.16.3,RevT_R,0,3.65,2.0,1,Pellet,Right,411,434,415,0,0.79,31.0,
11/22/2024 13:30:58,1.16.3,RevT_R,0,3.65,,1,Left,Right,412,434,415,0,,,0.17
11/22/2024 13:31:01,1.16.3,RevT_R,0,3.66,,1,Left,Right,413,434,415,0,,,0.03
11/22/2024 13:32:19,1.16.3,RevT_R,0,3.65,,1,Left,Right,414,434,415,0,,,0.03
11/22/2024 13:32:45,1.16.3,RevT_R,0,3.66,,1,Right,Right,414,435,415,0,,,0.25
11/22/2024 13:32:47,1.16.3,RevT_R,0,3.65,2.0,1,Pellet,Right,414,435,416,0,0.85,521.0,
11/22/2024 13:33:11,1.16.3,RevT_R,0,3.65,,1,Right,Right,414,436,416,0,,,0.17
11/22/2024 13:33:13,1.16.3,RevT_R,0,3.65,1.0,1,Pellet,Right,414,436,417,0,1.03,26.0,
11/22/2024 13:33:44,1.16.3,RevT_R,0,3.65,,1,Right,Right,414,437,417,0,,,0.11
11/22/2024 13:33:46,1.16.3,RevT_R,0,3.66,1.0,1,Pellet,Right,414,437,418,0,0.85,33.0,
11/22/2024 13:34:26,1.16.3,RevT_R,0,3.65,,1,Left,Right,415,437,418,0,,,0.01
11/22/2024 13:46:20,1.16.3,RevT_R,0,3.65,,1,Right,Right,415,438,418,0,,,0.37
11/22/2024 13:46:22,1.16.3,RevT_R,0,3.66,2.0,1,Pellet,Right,415,438,419,0,0.61,756.0,
11/22/2024 13:46:51,1.16.3,RevT_R,0,3.65,,1,Right,Right,415,439,419,0,,,0.25
11/22/2024 13:46:52,1.16.3,RevT_R,0,3.65,1.0,1,Pellet,Right,415,439,420,0,0.36,30.0,
11/22/2024 13:47:17,1.16.3,RevT_R,0,3.65,,1,Left,Right,416,439,420,0,,,0.13
11/22/2024 13:55:56,1.16.3,RevT_R,0,3.65,,1,Left,Right,417,439,420,0,,,0.14
11/22/2024 14:11:18,1.16.3,RevT_R,0,3.66,,1,Right,Right,417,440,420,0,,,0.17
11/22/2024 14:11:20,1.16.3,RevT_R,0,3.65,1.0,1,Pellet,Right,417,440,421,0,0.97,1468.0,
11/22/2024 14:12:05,1.16.3,RevT_R,0,3.65,,1,Left,Right,418,440,421,0,,,0.17
11/22/2024 14:12:10,1.16.3,RevT_R,0,3.66,,1,Right,Right,418,441,421,0,,,0.14
11/22/2024 14:12:11,1.16.3,RevT_R,0,3.65,1.0,1,Pellet,Right,418,441,422,0,0.61,51.0,
11/22/2024 14:12:54,1.16.3,RevT_R,0,3.66,,1,Right,Right,418,442,422,0,,,0.14
11/22/2024 14:12:57,1.16.3,RevT_R,0,3.65,1.0,1,Pellet,Right,418,442,423,0,1.40,45.0,
11/22/2024 14:29:13,1.16.3,RevT_R,0,3.65,,1,Right,Right,418,443,423,0,,,0.25
11/22/2024 14:29:14,1.16.3,RevT_R,0,3.65,2.0,1,Pellet,Right,418,443,424,0,0.48,978.0,
11/22/2024 15:09:24,1.16.3,RevT_R,0,3.65,,1,Right,Right,418,444,424,0,,,0.09
11/22/2024 15:09:25,1.16.3,RevT_R,0,3.65,1.0,1,Pellet,Right,418,444,425,0,0.61,2411.0,
11/22/2024 15:09:59,1.16.3,RevT_R,0,3.66,,1,Left,Left,419,444,425,0,,,0.17
11/22/2024 15:10:00,1.16.3,RevT_R,0,3.66,1.0,1,Pellet,Left,419,444,426,0,0.36,35.0,
11/22/2024 15:10:24,1.16.3,RevT_R,0,3.65,,1,Right,Left,419,445,426,0,,,0.11
11/22/2024 15:10:32,1.16.3,RevT_R,0,3.65,,1,Right,Left,419,446,426,0,,,0.12
11/22/2024 15:10:35,1.16.3,RevT_R,0,3.65,,1,Left,Left,420,446,426,0,,,0.22
11/22/2024 15:10:37,1.16.3,RevT_R,0,3.66,1.0,1,Pellet,Left,420,446,427,0,0.61,37.0,
11/22/2024 15:10:48,1.16.3,RevT_R,0,3.66,,1,Left,Left,421,446,427,0,,,0.04
11/22/2024 15:10:50,1.16.3,RevT_R,0,3.65,1.0,1,Pellet,Left,421,446,428,0,0.61,13.0,
11/22/2024 15:11:15,1.16.3,RevT_R,0,3.65,,1,Left,Left,422,446,428,0,,,0.13
11/22/2024 15:11:16,1.16.3,RevT_R,0,3.65,1.0,1,Pellet,Left,422,446,429,0,0.42,26.0,
11/22/2024 15:11:30,1.16.3,RevT_R,0,3.65,,1,Left,Left,423,446,429,0,,,0.07
11/22/2024 15:11:32,1.16.3,RevT_R,0,3.66,1.0,1,Pellet,Left,423,446,430,0,0.67,16.0,
11/22/2024 15:11:51,1.16.3,RevT_R,0,3.65,,1,Left,Left,424,446,430,0,,,0.17
11/22/2024 15:11:53,1.16.3,RevT_R,0,3.66,2.0,1,Pellet,Left,424,446,431,0,0.67,21.0,
11/22/2024 15:12:12,1.16.3,RevT_R,0,3.65,,1,Left,Left,425,446,431,0,,,0.04
11/22/2024 15:12:14,1.16.3,RevT_R,0,3.65,2.0,1,Pellet,Left,425,446,432,0,0.42,21.0,
11/22/2024 15:12:35,1.16.3,RevT_R,0,3.65,,1,Right,Left,425,447,432,0,,,0.07
11/22/2024 15:12:39,1.16.3,RevT_R,0,3.66,,1,Left,Left,426,447,432,0,,,0.11
11/22/2024 15:12:40,1.16.3,RevT_R,0,3.65,1.0,1,Pellet,Left,426,447,433,0,0.36,26.0,
11/22/2024 15:12:58,1.16.3,RevT_R,0,3.65,,1,Right,Left,426,448,433,0,,,0.21
11/22/2024 15:13:01,1.16.3,RevT_R,0,3.66,,1,Right,Left,426,449,433,0,,,0.05
11/22/2024 15:13:02,1.16.3,RevT_R,0,3.65,,1,Right,Left,426,450,433,0,,,0.03
11/22/2024 15:51:11,1.16.3,RevT_R,0,3.66,,1,Right,Left,426,451,433,0,,,0.11
11/22/2024 15:51:22,1.16.3,RevT_R,0,3.65,,1,Right,Left,426,452,433,0,,,0.02
11/22/2024 15:51:25,1.16.3,RevT_R,0,3.65,,1,Left,Left,427,452,433,0,,,0.23
11/22/2024 15:51:27,1.16.3,RevT_R,0,3.65,1.0,1,Pellet,Left,427,452,434,0,0.49,2327.0,
11/22/2024 15:52:16,1.16.3,RevT_R,0,3.66,,1,Right,Left,427,453,434,0,,,0.17
11/22/2024 15:52:17,1.16.3,RevT_R,0,3.65,,1,Right,Left,427,454,434,0,,,0.27
11/22/2024 15:52:18,1.16.3,RevT_R,0,3.65,,1,Right,Left,427,455,434,0,,,0.02
11/22/2024 15:52:23,1.16.3,RevT_R,0,3.65,,1,Right,Left,427,456,434,0,,,0.23
11/22/2024 15:52:26,1.16.3,RevT_R,0,3.65,,1,Left,Left,428,456,434,0,,,0.07
11/22/2024 15:52:28,1.16.3,RevT_R,0,3.65,1.0,1,Pellet,Left,428,456,435,0,0.91,61.0,
11/22/2024 16:03:11,1.16.3,RevT_R,0,3.65,,1,Right,Left,428,457,435,0,,,0.23
11/22/2024 16:03:22,1.16.3,RevT_R,0,3.65,,1,Right,Left,428,458,435,0,,,0.04
11/22/2024 16:03:23,1.16.3,RevT_R,0,3.66,,1,Right,Left,428,459,435,0,,,0.04
11/22/2024 16:13:42,1.16.3,RevT_R,0,3.65,,1,Left,Left,429,459,435,0,,,0.08
11/22/2024 16:13:44,1.16.3,RevT_R,0,3.65,1.0,1,Pellet,Left,429,459,436,0,0.73,1276.0,
11/22/2024 16:14:26,1.16.3,RevT_R,0,3.65,,1,Right,Left,429,460,436,0,,,0.22
11/22/2024 16:14:35,1.16.3,RevT_R,0,3.65,,1,Right,Left,429,461,436,0,,,0.29
11/22/2024 16:14:38,1.16.3,RevT_R,0,3.66,,1,Right,Left,429,462,436,0,,,0.19
11/22/2024 16:14:40,1.16.3,RevT_R,0,3.65,,1,Right,Left,429,463,436,0,,,0.21
11/22/2024 16:30:44,1.16.3,RevT_R,0,3.65,,1,Right,Left,429,464,436,0,,,0.26
11/22/2024 16:30:52,1.16.3,RevT_R,0,3.66,,1,Left,Left,430,464,436,0,,,0.19
11/22/2024 16:30:53,1.16.3,RevT_R,0,3.65,1.0,1,Pellet,Left,430,464,437,0,0.48,1029.0,
11/22/2024 16:31:51,1.16.3,RevT_R,0,3.65,,1,Right,Left,430,465,437,0,,,0.32
11/22/2024 16:31:53,1.16.3,RevT_R,0,3.65,,1,Right,Left,430,466,437,0,,,0.33
11/22/2024 16:52:51,1.16.3,RevT_R,0,3.65,,1,Right,Left,430,467,437,0,,,0.0
11/22/2024 16:57:59,1.16.3,RevT_R,0,3.65,,1,Right,Left,430,468,437,0,,,0.12
11/22/2024 16:58:01,1.16.3,RevT_R,0,3.66,,1,Right,Left,430,469,437,0,,,0.25
11/22/2024 16:58:03,1.16.3,RevT_R,0,3.65,,1,Right,Left,430,470,437,0,,,0.47
11/22/2024 16:58:04,1.16.3,RevT_R,0,3.65,,1,Right,Left,430,471,437,0,,,0.24
11/22/2024 16:58:12,1.16.3,RevT_R,0,3.65,,1,Left,Left,431,471,437,0,,,0.18
11/22/2024 16:58:13,1.16.3,RevT_R,0,3.66,1.0,1,Pellet,Left,431,471,438,0,0.42,1640.0,
11/22/2024 16:58:45,1.16.3,RevT_R,0,3.65,,1,Left,Left,432,471,438,0,,,0.21
11/22/2024 16:58:46,1.16.3,RevT_R,0,3.65,2.0,1,Pellet,Left,432,471,439,0,0.48,33.0,
11/22/2024 16:59:12,1.16.3,RevT_R,0,3.65,,1,Left,Left,433,471,439,0,,,0.07
11/22/2024 16:59:14,1.16.3,RevT_R,0,3.65,2.0,1,Pellet,Left,433,471,440,0,0.30,28.0,
11/22/2024 16:59:46,1.16.3,RevT_R,0,3.65,,1,Right,Left,433,472,440,0,,,0.37
11/22/2024 16:59:48,1.16.3,RevT_R,0,3.66,,1,Right,Left,433,473,440,0,,,0.13
11/22/2024 16:59:51,1.16.3,RevT_R,0,3.65,,1,Left,Left,434,473,440,0,,,0.18
11/22/2024 16:59:52,1.16.3,RevT_R,0,3.65,1.0,1,Pellet,Left,434,473,441,0,0.48,38.0,
11/22/2024 17:00:16,1.16.3,RevT_R,0,3.65,,1,Left,Left,435,473,441,0,,,0.06
11/22/2024 17:00:17,1.16.3,RevT_R,0,3.66,2.0,1,Pellet,Left,435,473,442,0,0.55,25.0,
11/22/2024 17:00:44,1.16.3,RevT_R,0,3.66,,1,Left,Left,436,473,442,0,,,0.18
11/22/2024 17:00:45,1.16.3,RevT_R,0,3.65,1.0,1,Pellet,Left,436,473,443,0,0.36,28.0,
11/22/2024 17:08:42,1.16.3,RevT_R,0,3.66,,1,Right,Left,436,474,443,0,,,0.17
11/22/2024 17:08:43,1.16.3,RevT_R,0,3.65,,1,Right,Left,436,475,443,0,,,0.12
11/22/2024 17:19:36,1.16.3,RevT_R,0,3.65,,1,Right,Left,436,476,443,0,,,0.35
11/22/2024 17:19:38,1.16.3,RevT_R,0,3.65,,1,Right,Left,436,477,443,0,,,0.23
11/22/2024 17:52:56,1.16.3,RevT_R,0,3.65,,1,Right,Left,436,478,443,0,,,0.27
11/22/2024 17:53:10,1.16.3,RevT_R,0,3.65,,1,Right,Left,436,479,443,0,,,0.31
11/22/2024 17:53:12,1.16.3,RevT_R,0,3.65,,1,Right,Left,436,480,443,0,,,0.24
11/22/2024 17:53:14,1.16.3,RevT_R,0,3.65,,1,Right,Left,436,481,443,0,,,0.17
11/22/2024 17:53:17,1.16.3,RevT_R,0,3.65,,1,Left,Left,437,481,443,0,,,0.1
11/22/2024 17:53:18,1.16.3,RevT_R,0,3.65,1.0,1,Pellet,Left,437,481,444,0,0.48,3153.0,
11/22/2024 18:03:01,1.16.3,RevT_R,0,3.65,,1,Left,Left,438,481,444,0,,,0.05
11/22/2024 18:03:03,1.16.3,RevT_R,0,3.65,1.0,1,Pellet,Left,438,481,445,0,0.91,585.0,
11/22/2024 18:03:33,1.16.3,RevT_R,0,3.65,,1,Right,Left,438,482,445,0,,,0.11
11/22/2024 18:03:36,1.16.3,RevT_R,0,3.65,,1,Left,Left,439,482,445,0,,,0.14
11/22/2024 18:03:37,1.16.3,RevT_R,0,3.65,1.0,1,Pellet,Left,439,482,446,0,0.36,34.0,
11/22/2024 18:04:03,1.16.3,RevT_R,0,3.65,,1,Left,Left,440,482,446,0,,,0.15
11/22/2024 18:04:04,1.16.3,RevT_R,0,3.65,1.0,1,Pellet,Left,440,482,447,0,0.30,27.0,
11/22/2024 18:04:27,1.16.3,RevT_R,0,3.65,,1,Left,Left,441,482,447,0,,,0.13
11/22/2024 18:04:28,1.16.3,RevT_R,0,3.65,2.0,1,Pellet,Left,441,482,448,0,0.55,24.0,
11/22/2024 18:04:53,1.16.3,RevT_R,0,3.65,,1,Left,Left,442,482,448,0,,,0.07
11/22/2024 18:04:57,1.16.3,RevT_R,0,3.65,2.0,1,Pellet,Left,442,482,449,0,0.67,29.0,
11/22/2024 18:05:32,1.16.3,RevT_R,0,3.65,,1,Right,Left,442,483,449,0,,,0.02
11/22/2024 18:21:29,1.16.3,RevT_R,0,3.65,,1,Left,Left,443,483,449,0,,,0.16
11/22/2024 18:21:31,1.16.3,RevT_R,0,3.65,2.0,1,Pellet,Left,443,483,450,0,1.46,994.0,
11/22/2024 18:21:58,1.16.3,RevT_R,0,3.65,,1,Right,Right,443,484,450,0,,,0.19
11/22/2024 18:21:59,1.16.3,RevT_R,0,3.65,1.0,1,Pellet,Right,443,484,451,0,0.55,28.0,
11/22/2024 18:31:36,1.16.3,RevT_R,0,3.65,,1,Right,Right,443,485,451,0,,,0.26
11/22/2024 18:31:38,1.16.3,RevT_R,0,3.65,1.0,1,Pellet,Right,443,485,452,0,1.16,579.0,
11/22/2024 18:32:22,1.16.3,RevT_R,0,3.65,,1,Right,Right,443,486,452,0,,,0.17
11/22/2024 18:32:23,1.16.3,RevT_R,0,3.65,1.0,1,Pellet,Right,443,486,453,0,1.10,45.0,
11/22/2024 18:32:59,1.16.3,RevT_R,0,3.65,,1,Right,Right,443,487,453,0,,,0.23
11/22/2024 18:33:01,1.16.3,RevT_R,0,3.65,2.0,1,Pellet,Right,443,487,454,0,0.73,38.0,
11/22/2024 18:33:28,1.16.3,RevT_R,0,3.65,,1,Right,Right,443,488,454,0,,,0.12
11/22/2024 18:33:29,1.16.3,RevT_R,0,3.65,1.0,1,Pellet,Right,443,488,455,0,0.36,28.0,
11/22/2024 18:34:03,1.16.3,RevT_R,0,3.65,,1,Right,Right,443,489,455,0,,,0.14
11/22/2024 18:34:04,1.16.3,RevT_R,0,3.65,2.0,1,Pellet,Right,443,489,456,0,0.61,35.0,
11/22/2024 18:34:31,1.16.3,RevT_R,0,3.65,,1,Right,Right,443,490,456,0,,,0.1
11/22/2024 18:34:32,1.16.3,RevT_R,0,3.65,1.0,1,Pellet,Right,443,490,457,0,0.49,28.0,
11/22/2024 18:46:17,1.16.3,RevT_R,0,3.65,,1,Right,Right,443,491,457,0,,,0.19
11/22/2024 18:46:19,1.16.3,RevT_R,0,3.65,1.0,1,Pellet,Right,443,491,458,0,1.34,707.0,
11/22/2024 18:46:56,1.16.3,RevT_R,0,3.65,,1,Right,Right,443,492,458,0,,,0.42
11/22/2024 18:46:58,1.16.3,RevT_R,0,3.65,1.0,1,Pellet,Right,443,492,459,0,0.91,39.0,
11/22/2024 18:52:15,1.16.3,RevT_R,0,3.65,,1,Right,Right,443,493,459,0,,,0.52
11/22/2024 18:52:19,1.16.3,RevT_R,0,3.65,1.0,1,Pellet,Right,443,493,460,0,2.75,321.0,
11/22/2024 18:52:44,1.16.3,RevT_R,0,3.65,,1,Right,Right,443,494,460,0,,,0.26
11/22/2024 18:52:45,1.16.3,RevT_R,0,3.66,1.0,1,Pellet,Right,443,494,461,0,0.79,26.0,
11/22/2024 18:53:18,1.16.3,RevT_R,0,3.65,,1,Right,Right,443,495,461,0,,,0.06
11/22/2024 18:53:20,1.16.3,RevT_R,0,3.65,2.0,1,Pellet,Right,443,495,462,0,0.79,35.0,
11/22/2024 19:13:12,1.16.3,RevT_R,0,3.65,,1,Left,Right,444,495,462,0,,,0.2
11/22/2024 19:13:13,1.16.3,RevT_R,0,3.65,,1,Left,Right,445,495,462,0,,,0.0
11/22/2024 19:13:18,1.16.3,RevT_R,0,3.65,,1,Left,Right,446,495,462,0,,,0.05
11/22/2024 19:13:29,1.16.3,RevT_R,0,3.65,,1,Right,Right,446,496,462,0,,,0.18
11/22/2024 19:13:31,1.16.3,RevT_R,0,3.65,1.0,1,Pellet,Right,446,496,463,0,0.79,1211.0,
11/22/2024 19:14:47,1.16.3,RevT_R,0,3.65,,1,Right,Right,446,497,463,0,,,0.34
11/22/2024 19:14:49,1.16.3,RevT_R,0,3.65,1.0,1,Pellet,Right,446,497,464,0,1.65,78.0,
11/22/2024 19:15:34,1.16.3,RevT_R,0,3.65,,1,Right,Right,446,498,464,0,,,0.26
11/22/2024 19:15:35,1.16.3,RevT_R,0,3.65,1.0,1,Pellet,Right,446,498,465,0,1.03,46.0,
11/22/2024 19:16:19,1.16.3,RevT_R,0,3.65,,1,Right,Right,446,499,465,0,,,0.25
11/22/2024 19:16:20,1.16.3,RevT_R,0,3.65,1.0,1,Pellet,Right,446,499,466,0,0.97,45.0,
11/22/2024 19:16:49,1.16.3,RevT_R,0,3.65,,1,Right,Right,446,500,466,0,,,0.28
11/22/2024 19:16:50,1.16.3,RevT_R,0,3.65,1.0,1,Pellet,Right,446,500,467,0,0.97,30.0,
11/22/2024 19:28:35,1.16.3,RevT_R,0,3.65,,1,Left,Right,447,500,467,0,,,0.03
11/22/2024 19:36:38,1.16.3,RevT_R,0,3.65,,1,Right,Right,447,501,467,0,,,0.0
11/22/2024 19:36:42,1.16.3,RevT_R,0,3.65,1.0,1,Pellet,Right,447,501,468,0,3.25,1192.0,
11/22/2024 19:38:39,1.16.3,RevT_R,0,3.65,,1,Right,Right,447,502,468,0,,,0.21
11/22/2024 19:38:45,1.16.3,RevT_R,0,3.65,2.0,1,Pellet,Right,447,502,469,0,5.03,123.0,
11/22/2024 20:39:22,1.16.3,RevT_R,0,3.65,,1,Right,Right,447,503,469,0,,,0.37
11/22/2024 20:39:24,1.16.3,RevT_R,0,3.65,1.0,1,Pellet,Right,447,503,470,0,1.90,3639.0,
11/22/2024 20:40:20,1.16.3,RevT_R,0,3.65,,1,Left,Right,448,503,470,0,,,0.14
11/22/2024 20:40:22,1.16.3,RevT_R,0,3.65,,1,Right,Right,448,504,470,0,,,0.07
11/22/2024 20:40:23,1.16.3,RevT_R,0,3.65,1.0,1,Pellet,Right,448,504,471,0,0.61,59.0,
11/22/2024 20:40:44,1.16.3,RevT_R,0,3.65,,1,Left,Right,449,504,471,0,,,0.3
11/22/2024 20:40:48,1.16.3,RevT_R,0,3.65,,1,Right,Right,449,505,471,0,,,0.15
11/22/2024 20:40:49,1.16.3,RevT_R,0,3.65,1.0,1,Pellet,Right,449,505,472,0,0.42,26.0,
11/22/2024 20:41:10,1.16.3,RevT_R,0,3.65,,1,Left,Right,450,505,472,0,,,0.15
11/22/2024 20:41:12,1.16.3,RevT_R,0,3.65,,1,Right,Right,450,506,472,0,,,0.15
11/22/2024 20:41:14,1.16.3,RevT_R,0,3.65,1.0,1,Pellet,Right,450,506,473,0,0.48,25.0,
11/22/2024 20:41:26,1.16.3,RevT_R,0,3.65,,1,Right,Right,450,507,473,0,,,0.12
11/22/2024 20:41:28,1.16.3,RevT_R,0,3.65,2.0,1,Pellet,Right,450,507,474,0,0.61,14.0,
11/22/2024 20:42:12,1.16.3,RevT_R,0,3.65,,1,Right,Right,450,508,474,0,,,0.48
11/22/2024 20:42:13,1.16.3,RevT_R,0,3.65,1.0,1,Pellet,Right,450,508,475,0,0.67,45.0,
11/22/2024 20:42:46,1.16.3,RevT_R,0,3.65,,1,Left,Left,451,508,475,0,,,0.28
11/22/2024 20:42:48,1.16.3,RevT_R,0,3.65,1.0,1,Pellet,Left,451,508,476,0,0.48,35.0,
11/22/2024 20:43:22,1.16.3,RevT_R,0,3.65,,1,Left,Left,452,508,476,0,,,0.06
11/22/2024 20:43:23,1.16.3,RevT_R,0,3.65,2.0,1,Pellet,Left,452,508,477,0,0.48,35.0,
11/22/2024 21:24:12,1.16.3,RevT_R,0,3.65,,1,Right,Left,452,509,477,0,,,0.2
11/22/2024 21:24:17,1.16.3,RevT_R,0,3.65,,1,Left,Left,453,509,477,0,,,0.09
11/22/2024 21:24:18,1.16.3,RevT_R,0,3.65,1.0,1,Pellet,Left,453,509,478,0,0.49,2455.0,
11/22/2024 21:25:07,1.16.3,RevT_R,0,3.65,,1,Right,Left,453,510,478,0,,,0.11
11/22/2024 21:25:10,1.16.3,RevT_R,0,3.65,,1,Left,Left,454,510,478,0,,,0.02
11/22/2024 21:25:12,1.16.3,RevT_R,0,3.65,1.0,1,Pellet,Left,454,510,479,0,0.73,54.0,
11/22/2024 22:05:56,1.16.3,RevT_R,0,3.65,,1,Right,Left,454,511,479,0,,,0.2
11/22/2024 22:06:08,1.16.3,RevT_R,0,3.65,,1,Right,Left,454,512,479,0,,,0.22
11/22/2024 22:06:09,1.16.3,RevT_R,0,3.65,,1,Right,Left,454,513,479,0,,,0.18
11/22/2024 22:06:12,1.16.3,RevT_R,0,3.65,,1,Left,Left,455,513,479,0,,,0.21
11/22/2024 22:06:13,1.16.3,RevT_R,0,3.65,2.0,1,Pellet,Left,455,513,480,0,0.67,2461.0,
11/22/2024 22:06:40,1.16.3,RevT_R,0,3.65,,1,Left,Left,456,513,480,0,,,0.11
11/22/2024 22:06:41,1.16.3,RevT_R,0,3.65,1.0,1,Pellet,Left,456,513,481,0,0.49,28.0,
11/22/2024 22:07:02,1.16.3,RevT_R,0,3.65,,1,Left,Left,457,513,481,0,,,0.32
11/22/2024 22:07:03,1.16.3,RevT_R,0,3.65,1.0,1,Pellet,Left,457,513,482,0,0.36,22.0,
11/22/2024 23:03:14,1.16.3,RevT_R,0,3.65,,1,Right,Left,457,514,482,0,,,0.43
11/22/2024 23:49:48,1.16.3,RevT_R,0,3.65,,1,Right,Left,457,515,482,0,,,0.43
11/22/2024 23:49:50,1.16.3,RevT_R,0,3.65,,1,Right,Left,457,516,482,0,,,0.25
11/22/2024 23:49:54,1.16.3,RevT_R,0,3.65,,1,Left,Left,458,516,482,0,,,0.21
11/22/2024 23:49:56,1.16.3,RevT_R,0,3.65,1.0,1,Pellet,Left,458,516,483,0,0.49,6173.0,
11/22/2024 23:51:05,1.16.3,RevT_R,0,3.65,,1,Left,Left,459,516,483,0,,,0.19
11/22/2024 23:51:06,1.16.3,RevT_R,0,3.65,1.0,1,Pellet,Left,459,516,484,0,0.49,70.0,
11/22/2024 23:51:20,1.16.3,RevT_R,0,3.65,,1,Right,Left,459,517,484,0,,,0.07
11/22/2024 23:51:23,1.16.3,RevT_R,0,3.65,,1,Right,Left,459,518,484,0,,,0.04
11/22/2024 23:51:31,1.16.3,RevT_R,0,3.65,,1,Left,Left,460,518,484,0,,,0.09
11/22/2024 23:51:32,1.16.3,RevT_R,0,3.65,1.0,1,Pellet,Left,460,518,485,0,0.48,26.0,
11/22/2024 23:51:54,1.16.3,RevT_R,0,3.65,,1,Left,Left,461,518,485,0,,,0.17
11/22/2024 23:51:55,1.16.3,RevT_R,0,3.65,2.0,1,Pellet,Left,461,518,486,0,0.36,23.0,
11/22/2024 23:52:17,1.16.3,RevT_R,0,3.65,,1,Left,Left,462,518,486,0,,,0.19
11/22/2024 23:52:22,1.16.3,RevT_R,0,3.65,2.0,1,Pellet,Left,462,518,487,0,1.34,26.0,
11/22/2024 23:52:49,1.16.3,RevT_R,0,3.65,,1,Right,Left,462,519,487,0,,,0.31
11/22/2024 23:52:55,1.16.3,RevT_R,0,3.65,,1,Left,Left,463,519,487,0,,,0.21
11/22/2024 23:52:55,1.16.3,RevT_R,0,3.65,1.0,1,Pellet,Left,463,519,488,0,0.06,34.0,
11/22/2024 23:53:18,1.16.3,RevT_R,0,3.65,,1,Left,Left,464,519,488,0,,,0.28
11/22/2024 23:53:22,1.16.3,RevT_R,0,3.65,2.0,1,Pellet,Left,464,519,489,0,1.28,27.0,
11/22/2024 23:53:44,1.16.3,RevT_R,0,3.65,,1,Left,Left,465,519,489,0,,,0.02
11/22/2024 23:53:46,1.16.3,RevT_R,0,3.65,1.0,1,Pellet,Left,465,519,490,0,0.61,24.0,
11/23/2024 1:14:30,1.16.3,RevT_R,0,3.65,,1,Right,Left,465,520,490,0,,,0.21
11/23/2024 1:36:18,1.16.3,RevT_R,0,3.65,,1,Right,Left,465,521,490,0,,,0.32
11/23/2024 1:36:24,1.16.3,RevT_R,0,3.65,,1,Left,Left,466,521,490,0,,,0.15
11/23/2024 1:36:26,1.16.3,RevT_R,0,3.65,1.0,1,Pellet,Left,466,521,491,0,0.91,6160.0,
11/23/2024 1:51:03,1.16.3,RevT_R,0,3.65,,1,Right,Left,466,522,491,0,,,0.44
11/23/2024 1:51:04,1.16.3,RevT_R,0,3.65,,1,Right,Left,466,523,491,0,,,0.41
11/23/2024 1:51:06,1.16.3,RevT_R,0,3.65,,1,Right,Left,466,524,491,0,,,0.28
11/23/2024 1:51:08,1.16.3,RevT_R,0,3.65,,1,Right,Left,466,525,491,0,,,0.25
11/23/2024 2:09:48,1.16.3,RevT_R,0,3.65,,1,Right,Left,466,526,491,0,,,0.19
11/23/2024 2:09:53,1.16.3,RevT_R,0,3.65,,1,Left,Left,467,526,491,0,,,0.06
11/23/2024 2:09:54,1.16.3,RevT_R,0,3.65,1.0,1,Pellet,Left,467,526,492,0,0.36,2008.0,
11/23/2024 2:19:20,1.16.3,RevT_R,0,3.65,,1,Right,Left,467,527,492,0,,,0.4
11/23/2024 3:35:45,1.16.3,RevT_R,0,3.65,,1,Left,Left,468,527,492,0,,,0.17
11/23/2024 3:35:47,1.16.3,RevT_R,0,3.65,1.0,1,Pellet,Left,468,527,493,0,0.73,5153.0,
11/23/2024 3:36:18,1.16.3,RevT_R,0,3.65,,1,Left,Left,469,527,493,0,,,0.08
11/23/2024 3:36:20,1.16.3,RevT_R,0,3.65,2.0,1,Pellet,Left,469,527,494,0,0.49,33.0,
11/23/2024 3:36:45,1.16.3,RevT_R,0,3.65,,1,Left,Left,470,527,494,0,,,0.07
11/23/2024 3:36:47,1.16.3,RevT_R,0,3.65,2.0,1,Pellet,Left,470,527,495,0,0.55,27.0,
11/23/2024 3:37:13,1.16.3,RevT_R,0,3.65,,1,Left,Left,471,527,495,0,,,0.08
11/23/2024 3:37:14,1.16.3,RevT_R,0,3.65,1.0,1,Pellet,Left,471,527,496,0,0.42,27.0,
11/23/2024 3:37:43,1.16.3,RevT_R,0,3.65,,1,Left,Left,472,527,496,0,,,0.21
11/23/2024 3:37:44,1.16.3,RevT_R,0,3.65,1.0,1,Pellet,Left,472,527,497,0,0.55,30.0,
11/23/2024 3:38:16,1.16.3,RevT_R,0,3.65,,1,Right,Left,472,528,497,0,,,0.21
11/23/2024 3:38:19,1.16.3,RevT_R,0,3.65,,1,Right,Left,472,529,497,0,,,0.24
11/23/2024 3:38:20,1.16.3,RevT_R,0,3.65,,1,Right,Left,472,530,497,0,,,0.18
11/23/2024 4:30:18,1.16.3,RevT_R,0,3.65,,1,Right,Left,472,531,497,0,,,0.07
11/23/2024 4:30:20,1.16.3,RevT_R,0,3.65,,1,Left,Left,473,531,497,0,,,0.1
11/23/2024 4:30:22,1.16.3,RevT_R,0,3.64,1.0,1,Pellet,Left,473,531,498,0,0.97,3158.0,
11/23/2024 4:43:21,1.16.3,RevT_R,0,3.65,,1,Right,Left,473,532,498,0,,,1.39
11/23/2024 4:43:50,1.16.3,RevT_R,0,3.65,,1,Right,Left,473,533,498,0,,,0.12
11/23/2024 4:44:06,1.16.3,RevT_R,0,3.65,,1,Right,Left,473,534,498,0,,,1.18
11/23/2024 4:44:09,1.16.3,RevT_R,0,3.64,,1,Right,Left,473,535,498,0,,,1.32
11/23/2024 4:44:14,1.16.3,RevT_R,0,3.65,,1,Left,Left,474,535,498,0,,,0.01
11/23/2024 4:44:16,1.16.3,RevT_R,0,3.65,1.0,1,Pellet,Left,474,535,499,0,0.67,834.0,
11/23/2024 4:50:11,1.16.3,RevT_R,0,3.64,,1,Right,Left,474,536,499,0,,,0.22
11/23/2024 5:41:43,1.16.3,RevT_R,0,3.65,,1,Left,Left,475,536,499,0,,,0.05
11/23/2024 5:41:45,1.16.3,RevT_R,0,3.65,1.0,1,Pellet,Left,475,536,500,0,0.48,3449.0,
11/23/2024 5:42:23,1.16.3,RevT_R,0,3.65,,1,Left,Right,476,536,500,0,,,0.17
11/23/2024 5:42:27,1.16.3,RevT_R,0,3.65,,1,Right,Right,476,537,500,0,,,0.42
11/23/2024 5:42:32,1.16.3,RevT_R,0,3.65,3.0,1,Pellet,Right,476,537,501,0,0.61,47.0,
11/23/2024 5:43:13,1.16.3,RevT_R,0,3.65,,1,Left,Right,477,537,501,0,,,0.07
11/23/2024 5:43:14,1.16.3,RevT_R,0,3.65,,1,Left,Right,478,537,501,0,,,0.21
11/23/2024 5:43:16,1.16.3,RevT_R,0,3.64,,1,Left,Right,479,537,501,0,,,0.23
11/23/2024 5:43:21,1.16.3,RevT_R,0,3.65,,1,Right,Right,479,538,501,0,,,0.15
11/23/2024 5:43:24,1.16.3,RevT_R,0,3.65,2.0,1,Pellet,Right,479,538,502,0,0.73,52.0,
11/23/2024 5:44:04,1.16.3,RevT_R,0,3.65,,1,Left,Right,480,538,502,0,,,0.27
11/23/2024 5:44:05,1.16.3,RevT_R,0,3.65,,1,Left,Right,481,538,502,0,,,0.17
11/23/2024 5:44:09,1.16.3,RevT_R,0,3.64,,1,Right,Right,481,539,502,0,,,0.29
11/23/2024 5:44:24,1.16.3,RevT_R,0,3.64,6.0,1,Pellet,Right,481,539,503,0,3.19,59.0,
11/23/2024 5:44:56,1.16.3,RevT_R,0,3.65,,1,Left,Right,482,539,503,0,,,0.21
11/23/2024 5:44:58,1.16.3,RevT_R,0,3.65,,1,Left,Right,483,539,503,0,,,0.17
11/23/2024 6:53:40,1.16.3,RevT_R,0,3.65,,1,Left,Right,484,539,503,0,,,0.18
11/23/2024 6:53:41,1.16.3,RevT_R,0,3.65,,1,Left,Right,485,539,503,0,,,0.05
11/23/2024 6:53:47,1.16.3,RevT_R,0,3.65,,1,Left,Right,486,539,503,0,,,0.2
11/23/2024 6:53:49,1.16.3,RevT_R,0,3.65,,1,Left,Right,487,539,503,0,,,0.22
11/23/2024 6:53:51,1.16.3,RevT_R,0,3.64,,1,Left,Right,488,539,503,0,,,0.2
11/23/2024 6:54:51,1.16.3,RevT_R,0,3.65,,1,Right,Right,488,540,503,0,,,0.0
11/23/2024 6:54:53,1.16.3,RevT_R,0,3.64,1.0,1,Pellet,Right,488,540,504,0,0.73,4230.0,
11/23/2024 6:55:27,1.16.3,RevT_R,0,3.64,,1,Left,Right,489,540,504,0,,,0.2
11/23/2024 6:55:29,1.16.3,RevT_R,0,3.65,,1,Left,Right,490,540,504,0,,,0.24
11/23/2024 6:55:32,1.16.3,RevT_R,0,3.65,,1,Left,Right,491,540,504,0,,,0.21
11/23/2024 6:55:34,1.16.3,RevT_R,0,3.65,,1,Left,Right,492,540,504,0,,,0.29
11/23/2024 7:40:52,1.16.3,RevT_R,0,3.65,,1,Right,Right,492,541,504,0,,,0.14
11/23/2024 7:40:54,1.16.3,RevT_R,0,3.65,1.0,1,Pellet,Right,492,541,505,0,1.28,2761.0,
11/23/2024 7:41:33,1.16.3,RevT_R,0,3.65,,1,Right,Right,492,542,505,0,,,0.06
11/23/2024 7:41:34,1.16.3,RevT_R,0,3.65,1.0,1,Pellet,Right,492,542,506,0,0.61,40.0,
11/23/2024 7:44:36,1.16.3,RevT_R,0,3.65,,1,Right,Right,492,543,506,0,,,0.31
11/23/2024 7:44:37,1.16.3,RevT_R,0,3.64,2.0,1,Pellet,Right,492,543,507,0,0.48,183.0,
11/23/2024 7:45:06,1.16.3,RevT_R,0,3.65,,1,Right,Right,492,544,507,0,,,0.17
11/23/2024 7:45:07,1.16.3,RevT_R,0,3.65,1.0,1,Pellet,Right,492,544,508,0,0.48,30.0,
11/23/2024 7:45:36,1.16.3,RevT_R,0,3.65,,1,Right,Right,492,545,508,0,,,0.15
11/23/2024 7:45:38,1.16.3,RevT_R,0,3.65,2.0,1,Pellet,Right,492,545,509,0,0.97,31.0,
11/23/2024 8:18:31,1.16.3,RevT_R,0,3.65,,1,Right,Right,492,546,509,0,,,0.25
11/23/2024 8:18:32,1.16.3,RevT_R,0,3.65,2.0,1,Pellet,Right,492,546,510,0,0.55,1974.0,
11/23/2024 8:19:02,1.16.3,RevT_R,0,3.65,,1,Right,Right,492,547,510,0,,,0.21
11/23/2024 8:19:04,1.16.3,RevT_R,0,3.64,1.0,1,Pellet,Right,492,547,511,0,0.36,32.0,
11/23/2024 8:19:22,1.16.3,RevT_R,0,3.64,,1,Right,Right,492,548,511,0,,,0.09
11/23/2024 8:19:24,1.16.3,RevT_R,0,3.65,1.0,1,Pellet,Right,492,548,512,0,0.55,20.0,
11/23/2024 8:19:57,1.16.3,RevT_R,0,3.64,,1,Left,Right,493,548,512,0,,,0.15
11/23/2024 8:19:59,1.16.3,RevT_R,0,3.65,,1,Right,Right,493,549,512,0,,,0.07
11/23/2024 8:20:00,1.16.3,RevT_R,0,3.65,1.0,1,Pellet,Right,493,549,513,0,0.55,36.0,
11/23/2024 8:20:23,1.16.3,RevT_R,0,3.65,,1,Right,Right,493,550,513,0,,,0.31
11/23/2024 8:20:26,1.16.3,RevT_R,0,3.65,2.0,1,Pellet,Right,493,550,514,0,0.49,26.0,
11/23/2024 8:20:46,1.16.3,RevT_R,0,3.64,,1,Right,Right,493,551,514,0,,,0.12
11/23/2024 8:20:47,1.16.3,RevT_R,0,3.65,2.0,1,Pellet,Right,493,551,515,0,0.49,21.0,
11/23/2024 8:21:15,1.16.3,RevT_R,0,3.65,,1,Right,Right,493,552,515,0,,,0.26
11/23/2024 8:21:17,1.16.3,RevT_R,0,3.64,1.0,1,Pellet,Right,493,552,516,0,0.42,30.0,
11/23/2024 8:53:44,1.16.3,RevT_R,0,3.65,,1,Left,Right,494,552,516,0,,,0.27
11/23/2024 8:53:48,1.16.3,RevT_R,0,3.65,,1,Left,Right,495,552,516,0,,,0.34
11/23/2024 8:53:51,1.16.3,RevT_R,0,3.65,,1,Right,Right,495,553,516,0,,,0.2
11/23/2024 8:53:53,1.16.3,RevT_R,0,3.64,1.0,1,Pellet,Right,495,553,517,0,0.49,1956.0,
11/23/2024 8:54:28,1.16.3,RevT_R,0,3.64,,1,Right,Right,495,554,517,0,,,0.19
11/23/2024 8:54:30,1.16.3,RevT_R,0,3.65,1.0,1,Pellet,Right,495,554,518,0,0.42,36.0,
11/23/2024 8:55:08,1.16.3,RevT_R,0,3.64,,1,Right,Right,495,555,518,0,,,0.16
11/23/2024 8:55:09,1.16.3,RevT_R,0,3.64,1.0,1,Pellet,Right,495,555,519,0,0.36,40.0,
11/23/2024 8:55:32,1.16.3,RevT_R,0,3.65,,1,Right,Right,495,556,519,0,,,0.19
11/23/2024 8:55:36,1.16.3,RevT_R,0,3.64,2.0,1,Pellet,Right,495,556,520,0,1.40,27.0,
11/23/2024 8:56:03,1.16.3,RevT_R,0,3.64,,1,Left,Right,496,556,520,0,,,0.19
11/23/2024 8:56:08,1.16.3,RevT_R,0,3.64,,1,Right,Right,496,557,520,0,,,0.11
11/23/2024 8:56:10,1.16.3,RevT_R,0,3.64,2.0,1,Pellet,Right,496,557,521,0,1.34,34.0,
11/23/2024 8:56:32,1.16.3,RevT_R,0,3.64,,1,Right,Right,496,558,521,0,,,0.16
11/23/2024 8:56:34,1.16.3,RevT_R,0,3.65,2.0,1,Pellet,Right,496,558,522,0,0.36,24.0,
11/23/2024 8:56:59,1.16.3,RevT_R,0,3.64,,1,Right,Right,496,559,522,0,,,0.16
11/23/2024 8:57:03,1.16.3,RevT_R,0,3.64,2.0,1,Pellet,Right,496,559,523,0,0.73,29.0,
11/23/2024 9:14:23,1.16.3,RevT_R,0,3.64,,1,Right,Right,496,560,523,0,,,0.37
11/23/2024 9:24:25,1.16.3,RevT_R,0,3.64,,1,RightWithPellet,Right,496,561,523,0,,,0.13
11/23/2024 9:25:56,1.16.3,RevT_R,0,3.64,2.0,1,Pellet,Right,496,561,524,0,Timed_out,1733.0,
11/23/2024 9:50:47,1.16.3,RevT_R,0,3.64,,1,Right,Right,496,562,524,0,,,0.23
11/23/2024 9:50:50,1.16.3,RevT_R,0,3.64,1.0,1,Pellet,Right,496,562,525,0,2.20,1494.0,
11/23/2024 9:51:11,1.16.3,RevT_R,0,3.65,,1,Right,Left,496,563,525,0,,,0.08
11/23/2024 9:51:22,1.16.3,RevT_R,0,3.64,,1,Left,Left,497,563,525,0,,,0.32
11/23/2024 9:51:24,1.16.3,RevT_R,0,3.65,2.0,1,Pellet,Left,497,563,526,0,0.61,34.0,
11/23/2024 9:51:51,1.16.3,RevT_R,0,3.64,,1,Left,Left,498,563,526,0,,,0.16
11/23/2024 9:51:52,1.16.3,RevT_R,0,3.64,1.0,1,Pellet,Left,498,563,527,0,0.42,28.0,
11/23/2024 9:52:14,1.16.3,RevT_R,0,3.64,,1,Right,Left,498,564,527,0,,,0.21
11/23/2024 9:52:16,1.16.3,RevT_R,0,3.65,,1,Right,Left,498,565,527,0,,,0.39
11/23/2024 9:52:18,1.16.3,RevT_R,0,3.65,,1,Right,Left,498,566,527,0,,,0.42
11/23/2024 9:52:20,1.16.3,RevT_R,0,3.64,,1,Right,Left,498,567,527,0,,,0.19
11/23/2024 9:52:24,1.16.3,RevT_R,0,3.64,,1,Left,Left,499,567,527,0,,,0.12
11/23/2024 9:52:25,1.16.3,RevT_R,0,3.65,2.0,1,Pellet,Left,499,567,528,0,0.36,33.0,
11/23/2024 9:53:07,1.16.3,RevT_R,0,3.65,,1,Right,Left,499,568,528,0,,,0.27
11/23/2024 9:53:09,1.16.3,RevT_R,0,3.64,,1,Right,Left,499,569,528,0,,,0.29
11/23/2024 9:53:11,1.16.3,RevT_R,0,3.64,,1,Right,Left,499,570,528,0,,,0.38
11/23/2024 9:53:13,1.16.3,RevT_R,0,3.64,,1,Right,Left,499,571,528,0,,,0.48
11/23/2024 9:53:16,1.16.3,RevT_R,0,3.64,,1,Left,Left,500,571,528,0,,,0.13
11/23/2024 9:53:17,1.16.3,RevT_R,0,3.64,2.0,1,Pellet,Left,500,571,529,0,0.24,52.0,
11/23/2024 10:10:08,1.16.3,RevT_R,0,3.64,,1,Right,Left,500,572,529,0,,,0.1
11/23/2024 10:15:00,1.16.3,RevT_R,0,3.64,,1,Right,Left,500,573,529,0,,,0.05
11/23/2024 10:17:16,1.16.3,RevT_R,0,3.64,,1,Right,Left,500,574,529,0,,,0.13
11/23/2024 10:20:03,1.16.3,RevT_R,0,3.64,,1,Right,Left,500,575,529,0,,,0.01
11/23/2024 10:24:03,1.16.3,RevT_R,0,3.64,,1,Left,Left,501,575,529,0,,,0.28
11/23/2024 10:24:05,1.16.3,RevT_R,0,3.65,1.0,1,Pellet,Left,501,575,530,0,1.59,1848.0,
11/23/2024 10:24:30,1.16.3,RevT_R,0,3.64,,1,Left,Left,502,575,530,0,,,0.13
11/23/2024 10:24:32,1.16.3,RevT_R,0,3.65,2.0,1,Pellet,Left,502,575,531,0,1.16,27.0,
11/23/2024 10:24:55,1.16.3,RevT_R,0,3.64,,1,Left,Left,503,575,531,0,,,0.02
11/23/2024 10:24:57,1.16.3,RevT_R,0,3.65,1.0,1,Pellet,Left,503,575,532,0,0.79,25.0,
11/23/2024 10:25:21,1.16.3,RevT_R,0,3.64,,1,Left,Left,504,575,532,0,,,0.0
11/23/2024 10:25:22,1.16.3,RevT_R,0,3.64,1.0,1,Pellet,Left,504,575,533,0,0.49,25.0,
11/23/2024 10:25:55,1.16.3,RevT_R,0,3.65,,1,Left,Left,505,575,533,0,,,0.17
11/23/2024 10:25:56,1.16.3,RevT_R,0,3.64,2.0,1,Pellet,Left,505,575,534,0,0.42,34.0,
11/23/2024 10:26:28,1.16.3,RevT_R,0,3.64,,1,Left,Left,506,575,534,0,,,0.15
11/23/2024 10:26:29,1.16.3,RevT_R,0,3.64,1.0,1,Pellet,Left,506,575,535,0,0.49,33.0,
11/23/2024 10:28:09,1.16.3,RevT_R,0,3.64,,1,Left,Left,507,575,535,0,,,0.01
11/23/2024 10:28:15,1.16.3,RevT_R,0,3.64,2.0,1,Pellet,Left,507,575,536,0,2.82,106.0,
11/23/2024 10:51:46,1.16.3,RevT_R,0,3.65,,1,Right,Left,507,576,536,0,,,0.32
11/23/2024 10:51:49,1.16.3,RevT_R,0,3.64,,1,Right,Left,507,577,536,0,,,0.15
11/23/2024 10:51:58,1.16.3,RevT_R,0,3.64,,1,Right,Left,507,578,536,0,,,0.14
11/23/2024 10:52:01,1.16.3,RevT_R,0,3.64,,1,Left,Left,508,578,536,0,,,0.15
11/23/2024 10:52:02,1.16.3,RevT_R,0,3.64,1.0,1,Pellet,Left,508,578,537,0,0.42,1427.0,
11/23/2024 10:52:25,1.16.3,RevT_R,0,3.64,,1,Right,Left,508,579,537,0,,,0.16
11/23/2024 10:52:27,1.16.3,RevT_R,0,3.64,,1,Right,Left,508,580,537,0,,,0.07
11/23/2024 10:52:30,1.16.3,RevT_R,0,3.65,,1,Left,Left,509,580,537,0,,,0.14
11/23/2024 10:52:33,1.16.3,RevT_R,0,3.64,1.0,1,Pellet,Left,509,580,538,0,1.28,31.0,
11/23/2024 10:53:05,1.16.3,RevT_R,0,3.64,,1,Left,Left,510,580,538,0,,,0.01
11/23/2024 10:53:05,1.16.3,RevT_R,0,3.65,,1,LeftDuringDispense,Left,511,580,538,0,,,0.11
11/23/2024 10:53:09,1.16.3,RevT_R,0,3.64,2.0,1,Pellet,Left,511,580,539,0,1.04,36.0,
11/23/2024 10:53:21,1.16.3,RevT_R,0,3.64,,1,Left,Left,512,580,539,0,,,0.04
11/23/2024 10:53:23,1.16.3,RevT_R,0,3.64,1.0,1,Pellet,Left,512,580,540,0,1.46,14.0,
11/23/2024 10:54:08,1.16.3,RevT_R,0,3.65,,1,Left,Left,513,580,540,0,,,0.19
11/23/2024 10:54:09,1.16.3,RevT_R,0,3.64,1.0,1,Pellet,Left,513,580,541,0,0.85,46.0,
11/23/2024 10:54:29,1.16.3,RevT_R,0,3.64,,1,Right,Left,513,581,541,0,,,0.24
11/23/2024 10:54:31,1.16.3,RevT_R,0,3.65,,1,Right,Left,513,582,541,0,,,0.31
11/23/2024 10:54:32,1.16.3,RevT_R,0,3.65,,1,Right,Left,513,583,541,0,,,0.22
11/23/2024 10:54:36,1.16.3,RevT_R,0,3.64,,1,Left,Left,514,583,541,0,,,0.08
11/23/2024 10:54:38,1.16.3,RevT_R,0,3.64,1.0,1,Pellet,Left,514,583,542,0,0.36,29.0,
11/23/2024 10:55:08,1.16.3,RevT_R,0,3.64,,1,Right,Left,514,584,542,0,,,0.0
11/23/2024 10:55:10,1.16.3,RevT_R,0,3.64,,1,Right,Left,514,585,542,0,,,0.16
11/23/2024 11:17:01,1.16.3,RevT_R,0,3.64,,1,Right,Left,514,586,542,0,,,0.36
11/23/2024 11:17:03,1.16.3,RevT_R,0,3.64,,1,Right,Left,514,587,542,0,,,0.27
11/23/2024 11:17:13,1.16.3,RevT_R,0,3.64,,1,Left,Left,515,587,542,0,,,0.05
11/23/2024 11:17:14,1.16.3,RevT_R,0,3.64,2.0,1,Pellet,Left,515,587,543,0,0.55,1356.0,
11/23/2024 11:17:40,1.16.3,RevT_R,0,3.64,,1,Left,Left,516,587,543,0,,,0.15
11/23/2024 11:17:42,1.16.3,RevT_R,0,3.65,1.0,1,Pellet,Left,516,587,544,0,0.55,28.0,
11/23/2024 11:18:01,1.16.3,RevT_R,0,3.64,,1,Left,Left,517,587,544,0,,,0.03
11/23/2024 11:18:02,1.16.3,RevT_R,0,3.64,2.0,1,Pellet,Left,517,587,545,0,0.42,20.0,
11/23/2024 11:18:19,1.16.3,RevT_R,0,3.64,,1,Left,Left,518,587,545,0,,,0.13
11/23/2024 11:18:19,1.16.3,RevT_R,0,3.64,,1,LeftDuringDispense,Left,519,587,545,0,,,0.01
11/23/2024 11:18:23,1.16.3,RevT_R,0,3.64,3.0,1,Pellet,Left,519,587,546,0,1.10,21.0,
11/23/2024 11:18:43,1.16.3,RevT_R,0,3.64,,1,Left,Left,520,587,546,0,,,0.03
11/23/2024 11:18:44,1.16.3,RevT_R,0,3.64,1.0,1,Pellet,Left,520,587,547,0,0.36,21.0,
11/23/2024 11:19:16,1.16.3,RevT_R,0,3.65,,1,Left,Left,521,587,547,0,,,0.13
11/23/2024 11:19:17,1.16.3,RevT_R,0,3.64,1.0,1,Pellet,Left,521,587,548,0,0.30,33.0,
11/23/2024 11:19:36,1.16.3,RevT_R,0,3.65,,1,Left,Left,522,587,548,0,,,0.16
11/23/2024 11:19:38,1.16.3,RevT_R,0,3.64,1.0,1,Pellet,Left,522,587,549,0,0.36,21.0,
11/23/2024 11:19:57,1.16.3,RevT_R,0,3.65,,1,Left,Left,523,587,549,0,,,0.08
11/23/2024 11:19:58,1.16.3,RevT_R,0,3.64,1.0,1,Pellet,Left,523,587,550,0,0.36,20.0,
11/23/2024 11:45:34,1.16.3,RevT_R,0,3.64,,1,Left,Right,524,587,550,0,,,0.04
11/23/2024 11:45:42,1.16.3,RevT_R,0,3.64,,1,Right,Right,524,588,550,0,,,0.11
11/23/2024 11:45:43,1.16.3,RevT_R,0,3.64,1.0,1,Pellet,Right,524,588,551,0,0.79,1545.0,
11/23/2024 11:46:05,1.16.3,RevT_R,0,3.64,,1,Right,Right,524,589,551,0,,,0.16
11/23/2024 11:46:06,1.16.3,RevT_R,0,3.64,1.0,1,Pellet,Right,524,589,552,0,0.42,23.0,
11/23/2024 11:46:24,1.16.3,RevT_R,0,3.64,,1,Right,Right,524,590,552,0,,,0.06
11/23/2024 11:46:25,1.16.3,RevT_R,0,3.64,1.0,1,Pellet,Right,524,590,553,0,0.67,19.0,
11/23/2024 11:46:56,1.16.3,RevT_R,0,3.64,,1,Right,Right,524,591,553,0,,,0.21
11/23/2024 11:46:58,1.16.3,RevT_R,0,3.64,1.0,1,Pellet,Right,524,591,554,0,0.73,33.0,
11/23/2024 11:47:22,1.16.3,RevT_R,0,3.64,,1,Right,Right,524,592,554,0,,,0.0
11/23/2024 11:47:24,1.16.3,RevT_R,0,3.64,1.0,1,Pellet,Right,524,592,555,0,0.42,26.0,
11/23/2024 11:47:45,1.16.3,RevT_R,0,3.64,,1,Right,Right,524,593,555,0,,,0.08
11/23/2024 11:47:46,1.16.3,RevT_R,0,3.64,1.0,1,Pellet,Right,524,593,556,0,0.67,22.0,
11/23/2024 12:09:19,1.16.3,RevT_R,0,3.65,,1,Right,Right,524,594,556,0,,,0.18
11/23/2024 12:09:21,1.16.3,RevT_R,0,3.64,1.0,1,Pellet,Right,524,594,557,0,1.71,1295.0,
11/23/2024 12:10:08,1.16.3,RevT_R,0,3.64,,1,Right,Right,524,595,557,0,,,0.12
11/23/2024 12:10:12,1.16.3,RevT_R,0,3.64,1.0,1,Pellet,Right,524,595,558,0,3.43,51.0,
11/23/2024 12:10:36,1.16.3,RevT_R,0,3.64,,1,Right,Right,524,596,558,0,,,0.05
11/23/2024 12:10:38,1.16.3,RevT_R,0,3.64,2.0,1,Pellet,Right,524,596,559,0,0.97,26.0,
11/23/2024 12:11:08,1.16.3,RevT_R,0,3.64,,1,Right,Right,524,597,559,0,,,0.13
11/23/2024 12:11:11,1.16.3,RevT_R,0,3.64,1.0,1,Pellet,Right,524,597,560,0,2.14,33.0,
11/23/2024 12:14:26,1.16.3,RevT_R,0,3.64,,1,Right,Right,524,598,560,0,,,0.23
11/23/2024 12:14:28,1.16.3,RevT_R,0,3.64,1.0,1,Pellet,Right,524,598,561,0,0.97,197.0,
11/23/2024 12:40:25,1.16.3,RevT_R,0,3.64,,1,Right,Right,524,599,561,0,,,0.16
11/23/2024 12:40:27,1.16.3,RevT_R,0,3.65,2.0,1,Pellet,Right,524,599,562,0,0.91,1559.0,
11/23/2024 12:40:59,1.16.3,RevT_R,0,3.65,,1,Left,Right,525,599,562,0,,,0.23
11/23/2024 12:41:00,1.16.3,RevT_R,0,3.64,,1,Left,Right,526,599,562,0,,,0.19
11/23/2024 12:41:17,1.16.3,RevT_R,0,3.64,,1,Right,Right,526,600,562,0,,,0.19
11/23/2024 12:41:19,1.16.3,RevT_R,0,3.64,2.0,1,Pellet,Right,526,600,563,0,1.16,52.0,
11/23/2024 12:41:40,1.16.3,RevT_R,0,3.64,,1,Right,Right,526,601,563,0,,,0.12
11/23/2024 12:41:42,1.16.3,RevT_R,0,3.64,2.0,1,Pellet,Right,526,601,564,0,1.22,23.0,
11/23/2024 12:42:01,1.16.3,RevT_R,0,3.64,,1,Right,Right,526,602,564,0,,,0.04
11/23/2024 12:42:05,1.16.3,RevT_R,0,3.64,1.0,1,Pellet,Right,526,602,565,0,2.94,23.0,
11/23/2024 12:42:36,1.16.3,RevT_R,0,3.64,,1,Right,Right,526,603,565,0,,,0.16
11/23/2024 12:42:40,1.16.3,RevT_R,0,3.64,3.0,1,Pellet,Right,526,603,566,0,0.73,35.0,
11/23/2024 12:43:08,1.16.3,RevT_R,0,3.64,,1,Right,Right,526,604,566,0,,,0.16
11/23/2024 12:43:09,1.16.3,RevT_R,0,3.64,2.0,1,Pellet,Right,526,604,567,0,0.85,29.0,
11/23/2024 12:43:49,1.16.3,RevT_R,0,3.64,,1,Right,Right,526,605,567,0,,,0.04
11/23/2024 12:43:50,1.16.3,RevT_R,0,3.64,2.0,1,Pellet,Right,526,605,568,0,0.67,41.0,
11/23/2024 13:09:23,1.16.3,RevT_R,0,3.64,,1,Right,Right,526,606,568,0,,,0.35
11/23/2024 13:09:25,1.16.3,RevT_R,0,3.65,2.0,1,Pellet,Right,526,606,569,0,1.10,1535.0,
11/23/2024 13:09:55,1.16.3,RevT_R,0,3.64,,1,Right,Right,526,607,569,0,,,0.07
11/23/2024 13:09:56,1.16.3,RevT_R,0,3.65,2.0,1,Pellet,Right,526,607,570,0,0.73,31.0,
11/23/2024 13:10:23,1.16.3,RevT_R,0,3.64,,1,Right,Right,526,608,570,0,,,0.1
11/23/2024 13:10:24,1.16.3,RevT_R,0,3.64,1.0,1,Pellet,Right,526,608,571,0,0.91,28.0,
11/23/2024 13:10:52,1.16.3,RevT_R,0,3.64,,1,Right,Right,526,609,571,0,,,0.39
11/23/2024 13:10:53,1.16.3,RevT_R,0,3.64,1.0,1,Pellet,Right,526,609,572,0,1.10,29.0,
11/23/2024 13:11:20,1.16.3,RevT_R,0,3.64,,1,Right,Right,526,610,572,0,,,0.18
11/23/2024 13:11:21,1.16.3,RevT_R,0,3.64,1.0,1,Pellet,Right,526,610,573,0,0.55,28.0,
11/23/2024 13:31:00,1.16.3,RevT_R,0,3.64,,1,Right,Right,526,611,573,0,,,0.22
11/23/2024 13:31:02,1.16.3,RevT_R,0,3.64,1.0,1,Pellet,Right,526,611,574,0,0.67,1181.0,
11/23/2024 13:31:56,1.16.3,RevT_R,0,3.64,,1,Right,Right,526,612,574,0,,,0.03
11/23/2024 13:31:57,1.16.3,RevT_R,0,3.64,2.0,1,Pellet,Right,526,612,575,0,0.49,55.0,
11/23/2024 13:32:32,1.16.3,RevT_R,0,3.64,,1,Right,Left,526,613,575,0,,,0.3
11/23/2024 13:38:36,1.16.3,RevT_R,0,3.64,,1,Right,Left,526,614,575,0,,,0.14
11/23/2024 13:40:47,1.16.3,RevT_R,0,3.64,,1,Right,Left,526,615,575,0,,,0.15
11/23/2024 13:49:18,1.16.3,RevT_R,0,3.64,,1,Right,Left,526,616,575,0,,,0.23
11/23/2024 13:49:25,1.16.3,RevT_R,0,3.64,,1,Left,Left,527,616,575,0,,,0.07
11/23/2024 13:49:26,1.16.3,RevT_R,0,3.64,2.0,1,Pellet,Left,527,616,576,0,0.67,1049.0,
11/23/2024 14:05:37,1.16.3,RevT_R,0,3.64,,1,Right,Left,527,617,576,0,,,0.14
11/23/2024 14:07:45,1.16.3,RevT_R,0,3.64,,1,Right,Left,527,618,576,0,,,0.18
11/23/2024 14:14:19,1.16.3,RevT_R,0,3.64,,1,Left,Left,528,618,576,0,,,0.08
11/23/2024 14:14:20,1.16.3,RevT_R,0,3.64,2.0,1,Pellet,Left,528,618,577,0,0.98,1494.0,
11/23/2024 14:14:53,1.16.3,RevT_R,0,3.65,,1,Right,Left,528,619,577,0,,,0.23
11/23/2024 14:14:54,1.16.3,RevT_R,0,3.64,,1,Right,Left,528,620,577,0,,,0.17
11/23/2024 14:14:58,1.16.3,RevT_R,0,3.64,,1,Left,Left,529,620,577,0,,,0.18
11/23/2024 14:14:59,1.16.3,RevT_R,0,3.64,1.0,1,Pellet,Left,529,620,578,0,0.42,39.0,
11/23/2024 14:15:24,1.16.3,RevT_R,0,3.64,,1,Left,Left,530,620,578,0,,,0.11
11/23/2024 14:15:25,1.16.3,RevT_R,0,3.64,1.0,1,Pellet,Left,530,620,579,0,0.79,26.0,
11/23/2024 14:15:47,1.16.3,RevT_R,0,3.64,,1,Left,Left,531,620,579,0,,,0.32
11/23/2024 14:15:48,1.16.3,RevT_R,0,3.64,1.0,1,Pellet,Left,531,620,580,0,0.91,23.0,
11/23/2024 14:16:08,1.16.3,RevT_R,0,3.64,,1,Left,Left,532,620,580,0,,,0.17
11/23/2024 14:16:10,1.16.3,RevT_R,0,3.64,1.0,1,Pellet,Left,532,620,581,0,0.79,22.0,
11/23/2024 14:16:46,1.16.3,RevT_R,0,3.64,,1,Left,Left,533,620,581,0,,,0.0
11/23/2024 14:16:48,1.16.3,RevT_R,0,3.64,2.0,1,Pellet,Left,533,620,582,0,0.61,38.0,
11/23/2024 14:17:12,1.16.3,RevT_R,0,3.64,,1,Right,Left,533,621,582,0,,,0.11
11/23/2024 14:17:15,1.16.3,RevT_R,0,3.64,,1,Right,Left,533,622,582,0,,,0.11
11/23/2024 14:46:18,1.16.3,RevT_R,0,3.64,,1,Right,Left,533,623,582,0,,,0.28
11/23/2024 14:46:21,1.16.3,RevT_R,0,3.64,,1,Right,Left,533,624,582,0,,,0.31
11/23/2024 14:47:07,1.16.3,RevT_R,0,3.64,,1,Right,Left,533,625,582,0,,,0.12
11/23/2024 14:49:19,1.16.3,RevT_R,0,3.64,,1,Left,Left,534,625,582,0,,,0.14
11/23/2024 14:49:21,1.16.3,RevT_R,0,3.64,2.0,1,Pellet,Left,534,625,583,0,0.42,1953.0,
11/23/2024 14:53:15,1.16.3,RevT_R,0,3.64,,1,Right,Left,534,626,583,0,,,0.15
11/23/2024 15:08:32,1.16.3,RevT_R,0,3.64,,1,Right,Left,534,627,583,0,,,0.18
11/23/2024 15:08:38,1.16.3,RevT_R,0,3.64,,1,Right,Left,534,628,583,0,,,0.2
11/23/2024 15:08:40,1.16.3,RevT_R,0,3.64,,1,Right,Left,534,629,583,0,,,0.24
11/23/2024 15:10:09,1.16.3,RevT_R,0,3.64,,1,Right,Left,534,630,583,0,,,0.72
11/23/2024 15:10:11,1.16.3,RevT_R,0,3.64,,1,Right,Left,534,631,583,0,,,0.29
11/23/2024 15:10:17,1.16.3,RevT_R,0,3.64,,1,Right,Left,534,632,583,0,,,0.0
11/23/2024 15:10:34,1.16.3,RevT_R,0,3.64,,1,Right,Left,534,633,583,0,,,0.33
11/23/2024 15:14:47,1.16.3,RevT_R,0,3.64,,1,Right,Left,534,634,583,0,,,0.23
11/23/2024 15:14:50,1.16.3,RevT_R,0,3.64,,1,Right,Left,534,635,583,0,,,0.3
11/23/2024 15:14:55,1.16.3,RevT_R,0,3.64,,1,Right,Left,534,636,583,0,,,0.25
11/23/2024 15:15:01,1.16.3,RevT_R,0,3.64,,1,Right,Left,534,637,583,0,,,0.23
11/23/2024 15:16:01,1.16.3,RevT_R,0,3.64,,1,Right,Left,534,638,583,0,,,0.27
11/23/2024 15:16:03,1.16.3,RevT_R,0,3.64,,1,Right,Left,534,639,583,0,,,0.13
11/23/2024 15:21:41,1.16.3,RevT_R,0,3.64,,1,Right,Left,534,640,583,0,,,0.18
11/23/2024 15:21:44,1.16.3,RevT_R,0,3.64,,1,Right,Left,534,641,583,0,,,0.31
11/23/2024 15:21:45,1.16.3,RevT_R,0,3.64,,1,Right,Left,534,642,583,0,,,0.41
11/23/2024 15:21:48,1.16.3,RevT_R,0,3.64,,1,Right,Left,534,643,583,0,,,0.36
11/23/2024 15:21:51,1.16.3,RevT_R,0,3.64,,1,Left,Left,535,643,583,0,,,0.12
11/23/2024 15:21:52,1.16.3,RevT_R,0,3.65,1.0,1,Pellet,Left,535,643,584,0,0.67,1951.0,
11/23/2024 15:22:22,1.16.3,RevT_R,0,3.64,,1,Left,Left,536,643,584,0,,,0.13
11/23/2024 15:22:23,1.16.3,RevT_R,0,3.64,1.0,1,Pellet,Left,536,643,585,0,0.30,31.0,
11/23/2024 15:22:50,1.16.3,RevT_R,0,3.64,,1,Right,Left,536,644,585,0,,,0.12
11/23/2024 15:22:51,1.16.3,RevT_R,0,3.64,,1,Right,Left,536,645,585,0,,,0.18
11/23/2024 15:22:54,1.16.3,RevT_R,0,3.64,,1,Left,Left,537,645,585,0,,,0.17
11/23/2024 15:22:56,1.16.3,RevT_R,0,3.64,2.0,1,Pellet,Left,537,645,586,0,0.30,33.0,
11/23/2024 15:23:21,1.16.3,RevT_R,0,3.64,,1,Right,Left,537,646,586,0,,,0.15
11/23/2024 15:23:22,1.16.3,RevT_R,0,3.63,,1,Right,Left,537,647,586,0,,,0.04
11/23/2024 15:23:24,1.16.3,RevT_R,0,3.64,,1,Left,Left,538,647,586,0,,,0.08
11/23/2024 15:23:25,1.16.3,RevT_R,0,3.64,,1,LeftDuringDispense,Left,539,647,586,0,,,0.01
11/23/2024 15:23:28,1.16.3,RevT_R,0,3.64,2.0,1,Pellet,Left,539,647,587,0,0.55,32.0,
11/23/2024 15:29:33,1.16.3,RevT_R,0,3.64,,1,Right,Left,539,648,587,0,,,0.06
11/23/2024 15:47:39,1.16.3,RevT_R,0,3.64,,1,Right,Left,539,649,587,0,,,0.26
11/23/2024 15:47:53,1.16.3,RevT_R,0,3.64,,1,Right,Left,539,650,587,0,,,0.2
11/23/2024 16:23:54,1.16.3,RevT_R,0,3.64,,1,Right,Left,539,651,587,0,,,0.18
11/23/2024 16:24:02,1.16.3,RevT_R,0,3.64,,1,Left,Left,540,651,587,0,,,0.19
11/23/2024 16:24:03,1.16.3,RevT_R,0,3.64,2.0,1,Pellet,Left,540,651,588,0,0.61,3635.0,
11/23/2024 16:25:00,1.16.3,RevT_R,0,3.64,,1,Left,Left,541,651,588,0,,,0.25
11/23/2024 16:25:02,1.16.3,RevT_R,0,3.64,1.0,1,Pellet,Left,541,651,589,0,0.42,59.0,
11/23/2024 16:26:17,1.16.3,RevT_R,0,3.64,,1,Left,Left,542,651,589,0,,,0.1
11/23/2024 16:26:17,1.16.3,RevT_R,0,3.64,,1,LeftDuringDispense,Left,543,651,589,0,,,0.01
11/23/2024 16:26:21,1.16.3,RevT_R,0,3.64,2.0,1,Pellet,Left,543,651,590,0,0.85,79.0,
11/23/2024 16:26:56,1.16.3,RevT_R,0,3.64,,1,Left,Left,544,651,590,0,,,0.22
11/23/2024 16:26:58,1.16.3,RevT_R,0,3.64,2.0,1,Pellet,Left,544,651,591,0,0.49,37.0,
11/23/2024 16:27:23,1.16.3,RevT_R,0,3.64,,1,Left,Left,545,651,591,0,,,0.28
11/23/2024 16:27:24,1.16.3,RevT_R,0,3.64,1.0,1,Pellet,Left,545,651,592,0,0.30,26.0,
11/23/2024 16:27:44,1.16.3,RevT_R,0,3.64,,1,Left,Left,546,651,592,0,,,0.13
11/23/2024 16:27:46,1.16.3,RevT_R,0,3.64,1.0,1,Pellet,Left,546,651,593,0,1.65,22.0,
11/23/2024 16:28:11,1.16.3,RevT_R,0,3.64,,1,Left,Left,547,651,593,0,,,0.24
11/23/2024 16:28:13,1.16.3,RevT_R,0,3.64,1.0,1,Pellet,Left,547,651,594,0,0.42,27.0,
11/23/2024 16:28:43,1.16.3,RevT_R,0,3.64,,1,Left,Left,548,651,594,0,,,0.04
11/23/2024 16:28:45,1.16.3,RevT_R,0,3.64,1.0,1,Pellet,Left,548,651,595,0,0.42,32.0,
11/23/2024 16:29:10,1.16.3,RevT_R,0,3.64,,1,Left,Left,549,651,595,0,,,0.24
11/23/2024 16:29:12,1.16.3,RevT_R,0,3.64,1.0,1,Pellet,Left,549,651,596,0,0.91,27.0,
11/23/2024 17:15:33,1.16.3,RevT_R,0,3.64,,1,Left,Left,550,651,596,0,,,0.22
11/23/2024 17:15:35,1.16.3,RevT_R,0,3.64,1.0,1,Pellet,Left,550,651,597,0,1.16,2783.0,
11/23/2024 17:16:00,1.16.3,RevT_R,0,3.63,,1,Left,Left,551,651,597,0,,,0.21
11/23/2024 17:16:02,1.16.3,RevT_R,0,3.64,2.0,1,Pellet,Left,551,651,598,0,0.48,27.0,
11/23/2024 17:16:20,1.16.3,RevT_R,0,3.64,,1,Left,Left,552,651,598,0,,,0.26
11/23/2024 17:16:22,1.16.3,RevT_R,0,3.64,2.0,1,Pellet,Left,552,651,599,0,0.79,20.0,
11/23/2024 17:16:53,1.16.3,RevT_R,0,3.64,,1,Left,Left,553,651,599,0,,,0.17
11/23/2024 17:16:54,1.16.3,RevT_R,0,3.64,2.0,1,Pellet,Left,553,651,600,0,0.30,32.0,
11/23/2024 17:17:24,1.16.3,RevT_R,0,3.64,,1,Left,Right,554,651,600,0,,,0.26
11/23/2024 17:17:26,1.16.3,RevT_R,0,3.64,,1,Left,Right,555,651,600,0,,,0.3
11/23/2024 17:17:27,1.16.3,RevT_R,0,3.64,,1,Left,Right,556,651,600,0,,,0.01
11/23/2024 17:17:33,1.16.3,RevT_R,0,3.64,,1,Left,Right,557,651,600,0,,,0.21
11/23/2024 17:17:36,1.16.3,RevT_R,0,3.64,,1,Left,Right,558,651,600,0,,,0.36
11/23/2024 17:17:43,1.16.3,RevT_R,0,3.64,,1,Left,Right,559,651,600,0,,,0.27
11/23/2024 17:39:49,1.16.3,RevT_R,0,3.64,,1,Right,Right,559,652,600,0,,,0.1
11/23/2024 17:39:51,1.16.3,RevT_R,0,3.64,2.0,1,Pellet,Right,559,652,601,0,0.79,1377.0,
11/23/2024 17:40:19,1.16.3,RevT_R,0,3.64,,1,Right,Right,559,653,601,0,,,0.37
11/23/2024 17:40:20,1.16.3,RevT_R,0,3.64,1.0,1,Pellet,Right,559,653,602,0,0.30,29.0,
11/23/2024 17:40:51,1.16.3,RevT_R,0,3.64,,1,Right,Right,559,654,602,0,,,0.03
11/23/2024 17:40:52,1.16.3,RevT_R,0,3.64,1.0,1,Pellet,Right,559,654,603,0,0.42,32.0,
11/23/2024 17:41:22,1.16.3,RevT_R,0,3.64,,1,Right,Right,559,655,603,0,,,0.08
11/23/2024 17:41:24,1.16.3,RevT_R,0,3.64,1.0,1,Pellet,Right,559,655,604,0,1.04,32.0,
11/23/2024 17:41:45,1.16.3,RevT_R,0,3.64,,1,Right,Right,559,656,604,0,,,0.09
11/23/2024 17:41:47,1.16.3,RevT_R,0,3.64,1.0,1,Pellet,Right,559,656,605,0,1.16,23.0,
11/23/2024 17:42:21,1.16.3,RevT_R,0,3.64,,1,Right,Right,559,657,605,0,,,0.09
11/23/2024 17:42:22,1.16.3,RevT_R,0,3.64,1.0,1,Pellet,Right,559,657,606,0,0.67,35.0,
11/23/2024 17:42:51,1.16.3,RevT_R,0,3.64,,1,Right,Right,559,658,606,0,,,0.31
11/23/2024 17:42:53,1.16.3,RevT_R,0,3.64,1.0,1,Pellet,Right,559,658,607,0,0.91,31.0,
11/23/2024 17:43:20,1.16.3,RevT_R,0,3.64,,1,Right,Right,559,659,607,0,,,0.11
11/23/2024 17:43:21,1.16.3,RevT_R,0,3.64,1.0,1,Pellet,Right,559,659,608,0,0.49,28.0,
11/23/2024 17:50:03,1.16.3,RevT_R,0,3.64,,1,Right,Right,559,660,608,0,,,0.04
11/23/2024 17:50:03,1.16.3,RevT_R,0,3.64,,1,RightDuringDispense,Right,559,661,608,0,,,0.02
11/23/2024 17:50:06,1.16.3,RevT_R,0,3.64,,1,RightDuringDispense,Right,559,662,608,0,,,0.12
11/23/2024 17:52:23,1.16.3,RevT_R,0,3.64,2.0,1,Pellet,Right,559,662,609,0,Timed_out,542.0,
11/23/2024 18:02:38,1.16.3,RevT_R,0,3.64,,1,Right,Right,559,663,609,0,,,0.23
11/23/2024 18:11:22,1.16.3,RevT_R,0,3.64,2.0,1,Pellet,Right,559,663,610,0,Timed_out,1139.0,
11/23/2024 18:12:04,1.16.3,RevT_R,0,3.64,,1,Right,Right,559,664,610,0,,,0.31
11/23/2024 18:12:08,1.16.3,RevT_R,0,3.64,2.0,1,Pellet,Right,559,664,611,0,3.00,46.0,
11/23/2024 18:31:35,1.16.3,RevT_R,0,3.64,,1,Right,Right,559,665,611,0,,,0.37
11/23/2024 18:31:40,1.16.3,RevT_R,0,3.64,1.0,1,Pellet,Right,559,665,612,0,4.05,1172.0,
11/23/2024 18:32:07,1.16.3,RevT_R,0,3.64,,1,Right,Right,559,666,612,0,,,0.17
11/23/2024 18:32:09,1.16.3,RevT_R,0,3.65,1.0,1,Pellet,Right,559,666,613,0,1.59,29.0,
11/23/2024 18:32:32,1.16.3,RevT_R,0,3.64,,1,Right,Right,559,667,613,0,,,0.12
11/23/2024 18:32:35,1.16.3,RevT_R,0,3.64,1.0,1,Pellet,Right,559,667,614,0,1.40,26.0,
11/23/2024 18:33:03,1.16.3,RevT_R,0,3.64,,1,Right,Right,559,668,614,0,,,0.05
11/23/2024 18:33:04,1.16.3,RevT_R,0,3.64,1.0,1,Pellet,Right,559,668,615,0,0.49,29.0,
11/23/2024 18:33:30,1.16.3,RevT_R,0,3.64,,1,Right,Right,559,669,615,0,,,0.22
11/23/2024 18:33:32,1.16.3,RevT_R,0,3.64,1.0,1,Pellet,Right,559,669,616,0,0.61,28.0,
11/23/2024 18:33:53,1.16.3,RevT_R,0,3.64,,1,Right,Right,559,670,616,0,,,0.09
11/23/2024 18:33:57,1.16.3,RevT_R,0,3.64,2.0,1,Pellet,Right,559,670,617,0,0.85,25.0,
11/23/2024 18:34:39,1.16.3,RevT_R,0,3.64,,1,Right,Right,559,671,617,0,,,0.0
11/23/2024 18:34:40,1.16.3,RevT_R,0,3.64,2.0,1,Pellet,Right,559,671,618,0,0.55,43.0,
11/23/2024 18:37:07,1.16.3,RevT_R,0,3.64,,1,Right,Right,559,672,618,0,,,0.14
11/23/2024 18:58:39,1.16.3,RevT_R,0,3.64,,1,RightWithPellet,Right,559,673,618,0,,,0.09
11/23/2024 18:58:42,1.16.3,RevT_R,0,3.64,2.0,1,Pellet,Right,559,673,619,0,Timed_out,1442.0,
11/23/2024 18:59:17,1.16.3,RevT_R,0,3.64,,1,Right,Right,559,674,619,0,,,0.19
11/23/2024 18:59:20,1.16.3,RevT_R,0,3.64,1.0,1,Pellet,Right,559,674,620,0,1.53,38.0,
11/23/2024 18:59:57,1.16.3,RevT_R,0,3.64,,1,Right,Right,559,675,620,0,,,0.12
11/23/2024 18:59:59,1.16.3,RevT_R,0,3.64,2.0,1,Pellet,Right,559,675,621,0,1.04,38.0,
11/23/2024 19:11:08,1.16.3,RevT_R,0,3.64,,1,Right,Right,559,676,621,0,,,0.15
11/23/2024 19:11:13,1.16.3,RevT_R,0,3.64,2.0,1,Pellet,Right,559,676,622,0,2.20,675.0,
11/23/2024 19:11:57,1.16.3,RevT_R,0,3.64,,1,Left,Right,560,676,622,0,,,0.21
11/23/2024 19:23:19,1.16.3,RevT_R,0,3.64,,1,Right,Right,560,677,622,0,,,0.03
11/23/2024 19:23:58,1.16.3,RevT_R,0,3.64,1.0,1,Pellet,Right,560,677,623,0,38.28,765.0,
11/23/2024 19:24:44,1.16.3,RevT_R,0,3.64,,1,Left,Right,561,677,623,0,,,0.14
11/23/2024 19:34:14,1.16.3,RevT_R,0,3.64,,1,Left,Right,562,677,623,0,,,0.26
11/23/2024 19:34:17,1.16.3,RevT_R,0,3.64,,1,Left,Right,563,677,623,0,,,0.26
11/23/2024 19:34:46,1.16.3,RevT_R,0,3.64,,1,Right,Right,563,678,623,0,,,0.18
11/23/2024 19:34:48,1.16.3,RevT_R,0,3.64,2.0,1,Pellet,Right,563,678,624,0,0.98,650.0,
11/23/2024 19:45:22,1.16.3,RevT_R,0,3.64,,1,Right,Right,563,679,624,0,,,0.13
11/23/2024 19:45:27,1.16.3,RevT_R,0,3.64,1.0,1,Pellet,Right,563,679,625,0,4.29,639.0,
11/23/2024 20:23:31,1.16.3,RevT_R,0,3.64,,1,Right,Left,563,680,625,0,,,0.28
11/23/2024 20:23:35,1.16.3,RevT_R,0,3.64,,1,Right,Left,563,681,625,0,,,0.27
11/23/2024 20:23:36,1.16.3,RevT_R,0,3.64,,1,Right,Left,563,682,625,0,,,0.21
11/23/2024 20:23:49,1.16.3,RevT_R,0,3.64,,1,Right,Left,563,683,625,0,,,0.54
11/23/2024 20:23:57,1.16.3,RevT_R,0,3.64,,1,Right,Left,563,684,625,0,,,0.42
11/23/2024 20:23:59,1.16.3,RevT_R,0,3.64,,1,Right,Left,563,685,625,0,,,0.27
11/23/2024 20:24:03,1.16.3,RevT_R,0,3.64,,1,Right,Left,563,686,625,0,,,0.52
11/23/2024 20:24:06,1.16.3,RevT_R,0,3.64,,1,Left,Left,564,686,625,0,,,0.24
11/23/2024 20:24:07,1.16.3,RevT_R,0,3.64,1.0,1,Pellet,Left,564,686,626,0,0.61,2320.0,
11/23/2024 20:24:35,1.16.3,RevT_R,0,3.64,,1,Left,Left,565,686,626,0,,,0.23
11/23/2024 20:24:37,1.16.3,RevT_R,0,3.64,1.0,1,Pellet,Left,565,686,627,0,0.55,29.0,
11/23/2024 20:24:59,1.16.3,RevT_R,0,3.64,,1,Right,Left,565,687,627,0,,,0.04
11/23/2024 20:25:01,1.16.3,RevT_R,0,3.64,,1,Right,Left,565,688,627,0,,,0.31
11/23/2024 20:25:02,1.16.3,RevT_R,0,3.64,,1,Right,Left,565,689,627,0,,,0.12
11/23/2024 20:25:04,1.16.3,RevT_R,0,3.64,,1,Right,Left,565,690,627,0,,,0.26
11/23/2024 20:25:05,1.16.3,RevT_R,0,3.64,,1,Right,Left,565,691,627,0,,,0.11
11/23/2024 20:25:07,1.16.3,RevT_R,0,3.64,,1,Right,Left,565,692,627,0,,,0.12
11/23/2024 20:25:10,1.16.3,RevT_R,0,3.64,,1,Left,Left,566,692,627,0,,,0.2
11/23/2024 20:25:14,1.16.3,RevT_R,0,3.64,3.0,1,Pellet,Left,566,692,628,0,0.55,38.0,
11/23/2024 20:25:42,1.16.3,RevT_R,0,3.64,,1,Left,Left,567,692,628,0,,,0.18
11/23/2024 20:25:43,1.16.3,RevT_R,0,3.64,2.0,1,Pellet,Left,567,692,629,0,0.49,29.0,
11/23/2024 20:26:05,1.16.3,RevT_R,0,3.64,,1,Right,Left,567,693,629,0,,,0.08
11/23/2024 20:26:11,1.16.3,RevT_R,0,3.65,,1,Left,Left,568,693,629,0,,,0.1
11/23/2024 20:26:13,1.16.3,RevT_R,0,3.64,2.0,1,Pellet,Left,568,693,630,0,0.73,30.0,
11/23/2024 21:04:04,1.16.3,RevT_R,0,3.64,,1,Right,Left,568,694,630,0,,,0.21
11/23/2024 21:04:09,1.16.3,RevT_R,0,3.64,,1,Right,Left,568,695,630,0,,,0.3
11/23/2024 21:10:06,1.16.3,RevT_R,0,3.64,,1,Right,Left,568,696,630,0,,,0.26
11/23/2024 21:10:08,1.16.3,RevT_R,0,3.64,,1,Right,Left,568,697,630,0,,,0.15
11/23/2024 21:16:13,1.16.3,RevT_R,0,3.64,,1,Right,Left,568,698,630,0,,,0.3
11/23/2024 21:16:20,1.16.3,RevT_R,0,3.64,,1,Left,Left,569,698,630,0,,,0.09
11/23/2024 21:16:21,1.16.3,RevT_R,0,3.64,2.0,1,Pellet,Left,569,698,631,0,0.49,3008.0,
11/23/2024 21:17:04,1.16.3,RevT_R,0,3.64,,1,Right,Left,569,699,631,0,,,0.0
11/23/2024 21:17:06,1.16.3,RevT_R,0,3.64,,1,Right,Left,569,700,631,0,,,0.29
11/23/2024 21:17:11,1.16.3,RevT_R,0,3.64,,1,Left,Left,570,700,631,0,,,0.14
11/23/2024 21:17:12,1.16.3,RevT_R,0,3.64,2.0,1,Pellet,Left,570,700,632,0,0.36,51.0,
11/23/2024 21:43:45,1.16.3,RevT_R,0,3.64,,1,Right,Left,570,701,632,0,,,0.39
11/23/2024 21:43:47,1.16.3,RevT_R,0,3.64,,1,Right,Left,570,702,632,0,,,0.29
11/23/2024 21:43:52,1.16.3,RevT_R,0,3.64,,1,Left,Left,571,702,632,0,,,0.17
11/23/2024 21:43:54,1.16.3,RevT_R,0,3.64,1.0,1,Pellet,Left,571,702,633,0,0.98,1602.0,
11/23/2024 22:13:28,1.16.3,RevT_R,0,3.64,,1,Right,Left,571,703,633,0,,,0.28
11/23/2024 22:13:35,1.16.3,RevT_R,0,3.64,,1,Right,Left,571,704,633,0,,,0.19
11/23/2024 22:40:33,1.16.3,RevT_R,0,3.64,,1,Left,Left,572,704,633,0,,,0.18
11/23/2024 22:40:38,1.16.3,RevT_R,0,3.63,1.0,1,Pellet,Left,572,704,634,0,3.74,3404.0,
11/23/2024 22:43:38,1.16.3,RevT_R,0,3.64,,1,Right,Left,572,705,634,0,,,0.14
11/23/2024 22:43:47,1.16.3,RevT_R,0,3.64,,1,Right,Left,572,706,634,0,,,0.2
11/23/2024 22:50:28,1.16.3,RevT_R,0,3.64,,1,Right,Left,572,707,634,0,,,0.18
11/23/2024 22:50:58,1.16.3,RevT_R,0,3.64,,1,Right,Left,572,708,634,0,,,0.0
11/23/2024 22:51:31,1.16.3,RevT_R,0,3.63,,1,Right,Left,572,709,634,0,,,0.63
11/23/2024 22:51:34,1.16.3,RevT_R,0,3.64,,1,Right,Left,572,710,634,0,,,0.22
11/23/2024 23:05:28,1.16.3,RevT_R,0,3.64,,1,Right,Left,572,711,634,0,,,0.0
11/23/2024 23:05:29,1.16.3,RevT_R,0,3.64,,1,Right,Left,572,712,634,0,,,0.17
11/23/2024 23:05:31,1.16.3,RevT_R,0,3.64,,1,Left,Left,573,712,634,0,,,0.03
11/23/2024 23:05:33,1.16.3,RevT_R,0,3.64,1.0,1,Pellet,Left,573,712,635,0,0.61,1495.0,
11/23/2024 23:11:35,1.16.3,RevT_R,0,3.64,,1,Right,Left,573,713,635,0,,,0.14
11/23/2024 23:13:45,1.16.3,RevT_R,0,3.64,,1,Left,Left,574,713,635,0,,,0.12
11/23/2024 23:13:46,1.16.3,RevT_R,0,3.64,2.0,1,Pellet,Left,574,713,636,0,0.73,493.0,
11/24/2024 0:55:29,1.16.3,RevT_R,0,3.64,,1,Right,Left,574,714,636,0,,,0.39
11/24/2024 0:55:38,1.16.3,RevT_R,0,3.64,,1,Left,Left,575,714,636,0,,,0.13
11/24/2024 0:55:39,1.16.3,RevT_R,0,3.64,1.0,1,Pellet,Left,575,714,637,0,0.85,6113.0,
11/24/2024 0:56:21,1.16.3,RevT_R,0,3.64,,1,Right,Left,575,715,637,0,,,0.26
11/24/2024 0:56:23,1.16.3,RevT_R,0,3.64,,1,Right,Left,575,716,637,0,,,0.14
11/24/2024 0:56:24,1.16.3,RevT_R,0,3.63,,1,Right,Left,575,717,637,0,,,0.27
11/24/2024 0:56:26,1.16.3,RevT_R,0,3.64,,1,Left,Left,576,717,637,0,,,0.12
11/24/2024 0:56:27,1.16.3,RevT_R,0,3.64,2.0,1,Pellet,Left,576,717,638,0,0.24,48.0,
11/24/2024 2:15:48,1.16.3,RevT_R,0,3.64,,1,Left,Left,577,717,638,0,,,0.12
11/24/2024 2:15:49,1.16.3,RevT_R,0,3.64,2.0,1,Pellet,Left,577,717,639,0,0.55,4762.0,
11/24/2024 2:16:21,1.16.3,RevT_R,0,3.64,,1,Left,Left,578,717,639,0,,,0.17
11/24/2024 2:16:22,1.16.3,RevT_R,0,3.63,1.0,1,Pellet,Left,578,717,640,0,0.42,33.0,
11/24/2024 2:16:51,1.16.3,RevT_R,0,3.64,,1,Left,Left,579,717,640,0,,,0.09
11/24/2024 2:16:52,1.16.3,RevT_R,0,3.63,1.0,1,Pellet,Left,579,717,641,0,0.30,30.0,
11/24/2024 2:17:27,1.16.3,RevT_R,0,3.64,,1,Right,Left,579,718,641,0,,,0.38
11/24/2024 2:17:29,1.16.3,RevT_R,0,3.64,,1,Right,Left,579,719,641,0,,,0.37
11/24/2024 2:17:31,1.16.3,RevT_R,0,3.64,,1,Right,Left,579,720,641,0,,,0.37
11/24/2024 2:17:38,1.16.3,RevT_R,0,3.64,,1,Right,Left,579,721,641,0,,,0.49
11/24/2024 2:17:43,1.16.3,RevT_R,0,3.64,,1,Left,Left,580,721,641,0,,,0.16
11/24/2024 2:17:44,1.16.3,RevT_R,0,3.64,1.0,1,Pellet,Left,580,721,642,0,0.36,52.0,
11/24/2024 2:19:08,1.16.3,RevT_R,0,3.64,,1,Right,Left,580,722,642,0,,,0.31
11/24/2024 3:23:36,1.16.3,RevT_R,0,3.63,,1,Right,Left,580,723,642,0,,,0.04
11/24/2024 3:23:43,1.16.3,RevT_R,0,3.64,,1,Right,Left,580,724,642,0,,,0.31
11/24/2024 3:23:47,1.16.3,RevT_R,0,3.64,,1,Left,Left,581,724,642,0,,,0.07
11/24/2024 3:23:48,1.16.3,RevT_R,0,3.64,2.0,1,Pellet,Left,581,724,643,0,0.36,3964.0,
11/24/2024 3:24:23,1.16.3,RevT_R,0,3.64,,1,Right,Left,581,725,643,0,,,0.15
11/24/2024 3:24:26,1.16.3,RevT_R,0,3.64,,1,Left,Left,582,725,643,0,,,0.06
11/24/2024 3:24:27,1.16.3,RevT_R,0,3.64,1.0,1,Pellet,Left,582,725,644,0,0.79,39.0,
11/24/2024 3:24:58,1.16.3,RevT_R,0,3.64,,1,Left,Left,583,725,644,0,,,0.18
11/24/2024 3:25:01,1.16.3,RevT_R,0,3.64,2.0,1,Pellet,Left,583,725,645,0,0.55,34.0,
11/24/2024 3:25:40,1.16.3,RevT_R,0,3.63,,1,Left,Left,584,725,645,0,,,0.16
11/24/2024 3:25:42,1.16.3,RevT_R,0,3.63,1.0,1,Pellet,Left,584,725,646,0,0.30,40.0,
11/24/2024 3:26:16,1.16.3,RevT_R,0,3.64,,1,Right,Left,584,726,646,0,,,0.52
11/24/2024 3:26:21,1.16.3,RevT_R,0,3.64,,1,Left,Left,585,726,646,0,,,0.12
11/24/2024 3:26:22,1.16.3,RevT_R,0,3.64,1.0,1,Pellet,Left,585,726,647,0,0.36,41.0,
11/24/2024 3:26:58,1.16.3,RevT_R,0,3.64,,1,Left,Left,586,726,647,0,,,0.0
11/24/2024 3:27:00,1.16.3,RevT_R,0,3.64,2.0,1,Pellet,Left,586,726,648,0,0.48,38.0,
11/24/2024 4:20:12,1.16.3,RevT_R,0,3.64,,1,Right,Left,586,727,648,0,,,0.36
11/24/2024 4:20:40,1.16.3,RevT_R,0,3.63,,1,Left,Left,587,727,648,0,,,0.06
11/24/2024 4:20:45,1.16.3,RevT_R,0,3.63,1.0,1,Pellet,Left,587,727,649,0,4.29,3225.0,
11/24/2024 4:21:09,1.16.3,RevT_R,0,3.64,,1,Left,Left,588,727,649,0,,,0.3
11/24/2024 4:21:12,1.16.3,RevT_R,0,3.64,2.0,1,Pellet,Left,588,727,650,0,1.77,27.0,
11/24/2024 4:21:44,1.16.3,RevT_R,0,3.64,,1,Left,Right,589,727,650,0,,,0.22
11/24/2024 4:21:46,1.16.3,RevT_R,0,3.63,,1,Left,Right,590,727,650,0,,,0.32
11/24/2024 4:21:49,1.16.3,RevT_R,0,3.64,,1,Left,Right,591,727,650,0,,,0.32
11/24/2024 4:21:53,1.16.3,RevT_R,0,3.64,,1,Left,Right,592,727,650,0,,,0.28
11/24/2024 4:21:56,1.16.3,RevT_R,0,3.64,,1,Left,Right,593,727,650,0,,,0.32
11/24/2024 4:21:59,1.16.3,RevT_R,0,3.64,,1,Right,Right,593,728,650,0,,,0.12
11/24/2024 4:22:01,1.16.3,RevT_R,0,3.64,2.0,1,Pellet,Right,593,728,651,0,0.97,49.0,
11/24/2024 4:22:20,1.16.3,RevT_R,0,3.64,,1,Left,Right,594,728,651,0,,,0.0
11/24/2024 4:24:16,1.16.3,RevT_R,0,3.64,,1,Right,Right,594,729,651,0,,,0.23
11/24/2024 4:24:21,1.16.3,RevT_R,0,3.64,2.0,1,Pellet,Right,594,729,652,0,4.29,140.0,
11/24/2024 5:41:57,1.16.3,RevT_R,0,3.64,,1,Right,Right,594,730,652,0,,,0.06
11/24/2024 5:42:00,1.16.3,RevT_R,0,3.64,1.0,1,Pellet,Right,594,730,653,0,2.51,4659.0,
11/24/2024 5:42:35,1.16.3,RevT_R,0,3.63,,1,Right,Right,594,731,653,0,,,0.27
11/24/2024 5:42:37,1.16.3,RevT_R,0,3.63,2.0,1,Pellet,Right,594,731,654,0,1.22,37.0,
11/24/2024 5:43:04,1.16.3,RevT_R,0,3.63,,1,Right,Right,594,732,654,0,,,0.18
11/24/2024 5:43:05,1.16.3,RevT_R,0,3.63,1.0,1,Pellet,Right,594,732,655,0,0.42,28.0,
11/24/2024 5:43:32,1.16.3,RevT_R,0,3.64,,1,Right,Right,594,733,655,0,,,0.1
11/24/2024 5:43:33,1.16.3,RevT_R,0,3.64,2.0,1,Pellet,Right,594,733,656,0,0.42,28.0,
11/24/2024 5:44:07,1.16.3,RevT_R,0,3.64,,1,Right,Right,594,734,656,0,,,0.14
11/24/2024 5:44:08,1.16.3,RevT_R,0,3.63,1.0,1,Pellet,Right,594,734,657,0,0.30,35.0,
11/24/2024 5:44:33,1.16.3,RevT_R,0,3.64,,1,Right,Right,594,735,657,0,,,0.16
11/24/2024 5:44:35,1.16.3,RevT_R,0,3.64,2.0,1,Pellet,Right,594,735,658,0,0.55,27.0,
11/24/2024 5:45:05,1.16.3,RevT_R,0,3.64,,1,Right,Right,594,736,658,0,,,0.22
11/24/2024 5:45:07,1.16.3,RevT_R,0,3.63,1.0,1,Pellet,Right,594,736,659,0,0.49,32.0,
11/24/2024 5:45:39,1.16.3,RevT_R,0,3.64,,1,Right,Right,594,737,659,0,,,0.09
11/24/2024 5:45:40,1.16.3,RevT_R,0,3.64,1.0,1,Pellet,Right,594,737,660,0,0.67,33.0,
11/24/2024 5:46:13,1.16.3,RevT_R,0,3.64,,1,Right,Right,594,738,660,0,,,0.14
11/24/2024 5:46:14,1.16.3,RevT_R,0,3.64,1.0,1,Pellet,Right,594,738,661,0,0.36,34.0,
11/24/2024 7:00:35,1.16.3,RevT_R,0,3.63,,1,Right,Right,594,739,661,0,,,0.67
11/24/2024 7:00:37,1.16.3,RevT_R,0,3.63,1.0,1,Pellet,Right,594,739,662,0,0.79,4463.0,
11/24/2024 7:01:24,1.16.3,RevT_R,0,3.64,,1,Right,Right,594,740,662,0,,,0.12
11/24/2024 7:01:25,1.16.3,RevT_R,0,3.64,1.0,1,Pellet,Right,594,740,663,0,0.42,48.0,
11/24/2024 7:02:01,1.16.3,RevT_R,0,3.63,,1,Right,Right,594,741,663,0,,,0.18
11/24/2024 7:02:02,1.16.3,RevT_R,0,3.63,,1,RightDuringDispense,Right,594,742,663,0,,,0.01
11/24/2024 7:02:05,1.16.3,RevT_R,0,3.63,2.0,1,Pellet,Right,594,742,664,0,0.61,40.0,
11/24/2024 7:02:39,1.16.3,RevT_R,0,3.63,,1,Right,Right,594,743,664,0,,,0.1
11/24/2024 7:02:41,1.16.3,RevT_R,0,3.64,1.0,1,Pellet,Right,594,743,665,0,0.85,36.0,
11/24/2024 7:03:20,1.16.3,RevT_R,0,3.64,,1,Right,Right,594,744,665,0,,,0.27
11/24/2024 7:03:21,1.16.3,RevT_R,0,3.63,2.0,1,Pellet,Right,594,744,666,0,0.97,40.0,
11/24/2024 7:03:44,1.16.3,RevT_R,0,3.63,,1,Right,Right,594,745,666,0,,,0.15
11/24/2024 7:03:45,1.16.3,RevT_R,0,3.63,2.0,1,Pellet,Right,594,745,667,0,0.55,24.0,
11/24/2024 7:04:17,1.16.3,RevT_R,0,3.63,,1,Right,Right,594,746,667,0,,,0.11
11/24/2024 7:04:19,1.16.3,RevT_R,0,3.63,1.0,1,Pellet,Right,594,746,668,0,0.73,33.0,
11/24/2024 7:04:49,1.16.3,RevT_R,0,3.63,,1,Right,Right,594,747,668,0,,,0.09
11/24/2024 7:04:51,1.16.3,RevT_R,0,3.63,1.0,1,Pellet,Right,594,747,669,0,0.55,32.0,
11/24/2024 8:35:46,1.16.3,RevT_R,0,3.63,,1,Right,Right,594,748,669,0,,,0.24
11/24/2024 8:35:48,1.16.3,RevT_R,0,3.64,1.0,1,Pellet,Right,594,748,670,0,1.46,5458.0,
11/24/2024 8:36:32,1.16.3,RevT_R,0,3.64,,1,Left,Right,595,748,670,0,,,0.15
11/24/2024 8:36:34,1.16.3,RevT_R,0,3.63,,1,Right,Right,595,749,670,0,,,0.19
11/24/2024 8:36:36,1.16.3,RevT_R,0,3.63,1.0,1,Pellet,Right,595,749,671,0,0.67,48.0,
11/24/2024 8:37:15,1.16.3,RevT_R,0,3.64,,1,Left,Right,596,749,671,0,,,0.12
11/24/2024 8:37:18,1.16.3,RevT_R,0,3.63,,1,Left,Right,597,749,671,0,,,0.11
11/24/2024 8:37:24,1.16.3,RevT_R,0,3.64,,1,Right,Right,597,750,671,0,,,0.17
11/24/2024 8:37:25,1.16.3,RevT_R,0,3.64,2.0,1,Pellet,Right,597,750,672,0,0.36,49.0,
11/24/2024 9:02:43,1.16.3,RevT_R,0,3.63,,1,Right,Right,597,751,672,0,,,0.09
11/24/2024 9:02:44,1.16.3,RevT_R,0,3.63,2.0,1,Pellet,Right,597,751,673,0,0.73,1519.0,
11/24/2024 9:03:12,1.16.3,RevT_R,0,3.64,,1,Right,Right,597,752,673,0,,,0.1
11/24/2024 9:03:13,1.16.3,RevT_R,0,3.64,2.0,1,Pellet,Right,597,752,674,0,0.36,29.0,
11/24/2024 9:03:36,1.16.3,RevT_R,0,3.63,,1,Right,Right,597,753,674,0,,,0.23
11/24/2024 9:03:38,1.16.3,RevT_R,0,3.63,1.0,1,Pellet,Right,597,753,675,0,0.91,25.0,
11/24/2024 9:04:01,1.16.3,RevT_R,0,3.64,,1,Right,Left,597,754,675,0,,,0.11
11/24/2024 9:04:03,1.16.3,RevT_R,0,3.64,,1,Right,Left,597,755,675,0,,,0.15
11/24/2024 9:04:05,1.16.3,RevT_R,0,3.64,,1,Right,Left,597,756,675,0,,,0.12
11/24/2024 9:04:08,1.16.3,RevT_R,0,3.63,,1,Right,Left,597,757,675,0,,,0.08
11/24/2024 9:27:03,1.16.3,RevT_R,0,3.64,,1,Right,Left,597,758,675,0,,,0.19
11/24/2024 9:27:15,1.16.3,RevT_R,0,3.63,,1,Left,Left,598,758,675,0,,,0.23
11/24/2024 9:27:17,1.16.3,RevT_R,0,3.64,1.0,1,Pellet,Left,598,758,676,0,1.10,1419.0,
11/24/2024 9:27:42,1.16.3,RevT_R,0,3.64,,1,Right,Left,598,759,676,0,,,0.17
11/24/2024 9:27:46,1.16.3,RevT_R,0,3.63,,1,Right,Left,598,760,676,0,,,0.2
11/24/2024 9:27:50,1.16.3,RevT_R,0,3.64,,1,Left,Left,599,760,676,0,,,0.29
11/24/2024 9:27:52,1.16.3,RevT_R,0,3.63,1.0,1,Pellet,Left,599,760,677,0,0.97,35.0,
11/24/2024 9:28:18,1.16.3,RevT_R,0,3.64,,1,Left,Left,600,760,677,0,,,0.13
11/24/2024 9:28:19,1.16.3,RevT_R,0,3.63,1.0,1,Pellet,Left,600,760,678,0,0.36,27.0,
11/24/2024 9:45:14,1.16.3,RevT_R,0,3.64,,1,Right,Left,600,761,678,0,,,0.04
11/24/2024 9:50:24,1.16.3,RevT_R,0,3.64,,1,Right,Left,600,762,678,0,,,0.09
11/24/2024 9:54:52,1.16.3,RevT_R,0,3.63,,1,Left,Left,601,762,678,0,,,0.05
11/24/2024 9:54:53,1.16.3,RevT_R,0,3.63,1.0,1,Pellet,Left,601,762,679,0,0.73,1594.0,
11/24/2024 9:55:27,1.16.3,RevT_R,0,3.63,,1,Left,Left,602,762,679,0,,,0.16
11/24/2024 9:55:29,1.16.3,RevT_R,0,3.64,2.0,1,Pellet,Left,602,762,680,0,1.10,36.0,
11/24/2024 9:55:49,1.16.3,RevT_R,0,3.64,,1,Right,Left,602,763,680,0,,,0.04
11/24/2024 9:55:51,1.16.3,RevT_R,0,3.63,,1,Right,Left,602,764,680,0,,,0.1
11/24/2024 9:55:55,1.16.3,RevT_R,0,3.63,,1,Left,Left,603,764,680,0,,,0.06
11/24/2024 9:55:57,1.16.3,RevT_R,0,3.63,1.0,1,Pellet,Left,603,764,681,0,0.61,28.0,
11/24/2024 9:56:23,1.16.3,RevT_R,0,3.64,,1,Left,Left,604,764,681,0,,,0.02
11/24/2024 9:56:25,1.16.3,RevT_R,0,3.63,2.0,1,Pellet,Left,604,764,682,0,0.55,28.0,
11/24/2024 9:56:45,1.16.3,RevT_R,0,3.64,,1,Left,Left,605,764,682,0,,,0.07
11/24/2024 9:56:46,1.16.3,RevT_R,0,3.63,2.0,1,Pellet,Left,605,764,683,0,0.55,21.0,
11/24/2024 10:02:42,1.16.3,RevT_R,0,3.63,,1,Right,Left,605,765,683,0,,,0.06
11/24/2024 10:18:19,1.16.3,RevT_R,0,3.64,,1,Left,Left,606,765,683,0,,,0.08
11/24/2024 10:18:51,1.16.3,RevT_R,0,3.64,1.0,1,Pellet,Left,606,765,684,0,31.41,1325.0,
11/24/2024 10:19:22,1.16.3,RevT_R,0,3.64,,1,Right,Left,606,766,684,0,,,0.28
11/24/2024 10:32:30,1.16.3,RevT_R,0,3.63,,1,Right,Left,606,767,684,0,,,0.19
11/24/2024 10:32:34,1.16.3,RevT_R,0,3.63,,1,Left,Left,607,767,684,0,,,0.08
11/24/2024 10:32:35,1.16.3,RevT_R,0,3.64,1.0,1,Pellet,Left,607,767,685,0,0.48,824.0,
11/24/2024 10:33:03,1.16.3,RevT_R,0,3.64,,1,Left,Left,608,767,685,0,,,0.05
11/24/2024 10:33:04,1.16.3,RevT_R,0,3.63,1.0,1,Pellet,Left,608,767,686,0,0.49,29.0,
11/24/2024 10:33:22,1.16.3,RevT_R,0,3.63,,1,Left,Left,609,767,686,0,,,0.12
11/24/2024 10:33:24,1.16.3,RevT_R,0,3.63,2.0,1,Pellet,Left,609,767,687,0,0.91,20.0,
11/24/2024 10:33:45,1.16.3,RevT_R,0,3.63,,1,Right,Left,609,768,687,0,,,0.27
11/24/2024 10:33:46,1.16.3,RevT_R,0,3.63,,1,Right,Left,609,769,687,0,,,0.19
11/24/2024 10:34:03,1.16.3,RevT_R,0,3.63,,1,Left,Left,610,769,687,0,,,0.19
11/24/2024 10:34:04,1.16.3,RevT_R,0,3.63,1.0,1,Pellet,Left,610,769,688,0,0.55,40.0,
11/24/2024 10:34:26,1.16.3,RevT_R,0,3.63,,1,Left,Left,611,769,688,0,,,0.02
11/24/2024 10:34:27,1.16.3,RevT_R,0,3.64,1.0,1,Pellet,Left,611,769,689,0,0.48,23.0,
11/24/2024 10:34:54,1.16.3,RevT_R,0,3.63,,1,Left,Left,612,769,689,0,,,0.14
11/24/2024 10:34:55,1.16.3,RevT_R,0,3.63,1.0,1,Pellet,Left,612,769,690,0,0.48,28.0,
11/24/2024 10:35:25,1.16.3,RevT_R,0,3.64,,1,Left,Left,613,769,690,0,,,0.13
11/24/2024 10:35:26,1.16.3,RevT_R,0,3.63,2.0,1,Pellet,Left,613,769,691,0,0.48,31.0,
11/24/2024 10:36:07,1.16.3,RevT_R,0,3.63,,1,Right,Left,613,770,691,0,,,0.24
11/24/2024 10:36:11,1.16.3,RevT_R,0,3.63,,1,Left,Left,614,770,691,0,,,0.08
11/24/2024 10:36:15,1.16.3,RevT_R,0,3.63,2.0,1,Pellet,Left,614,770,692,0,0.79,49.0,
11/24/2024 10:36:55,1.16.3,RevT_R,0,3.63,,1,Right,Left,614,771,692,0,,,0.05
11/24/2024 10:47:04,1.16.3,RevT_R,0,3.63,,1,Right,Left,614,772,692,0,,,0.05
11/24/2024 10:56:05,1.16.3,RevT_R,0,3.63,,1,Right,Left,614,773,692,0,,,0.34
11/24/2024 10:58:54,1.16.3,RevT_R,0,3.63,,1,Right,Left,614,774,692,0,,,0.33
11/24/2024 10:58:59,1.16.3,RevT_R,0,3.63,,1,Left,Left,615,774,692,0,,,0.13
11/24/2024 10:59:01,1.16.3,RevT_R,0,3.63,1.0,1,Pellet,Left,615,774,693,0,0.67,1366.0,
11/24/2024 10:59:30,1.16.3,RevT_R,0,3.63,,1,Left,Left,616,774,693,0,,,0.07
11/24/2024 10:59:32,1.16.3,RevT_R,0,3.62,2.0,1,Pellet,Left,616,774,694,0,0.30,31.0,
11/24/2024 11:00:02,1.16.3,RevT_R,0,3.64,,1,Right,Left,616,775,694,0,,,0.17
11/24/2024 11:00:03,1.16.3,RevT_R,0,3.63,,1,Right,Left,616,776,694,0,,,0.22
11/24/2024 11:00:06,1.16.3,RevT_R,0,3.63,,1,Left,Left,617,776,694,0,,,0.16
11/24/2024 11:00:07,1.16.3,RevT_R,0,3.63,1.0,1,Pellet,Left,617,776,695,0,0.42,35.0,
11/24/2024 11:28:29,1.16.3,RevT_R,0,3.63,,1,Right,Left,617,777,695,0,,,0.23
11/24/2024 11:28:33,1.16.3,RevT_R,0,3.63,,1,Left,Left,618,777,695,0,,,0.22
11/24/2024 11:28:34,1.16.3,RevT_R,0,3.63,1.0,1,Pellet,Left,618,777,696,0,0.42,1707.0,
11/24/2024 11:29:29,1.16.3,RevT_R,0,3.63,,1,Right,Left,618,778,696,0,,,0.07
11/24/2024 11:29:32,1.16.3,RevT_R,0,3.63,,1,Right,Left,618,779,696,0,,,0.09
11/24/2024 11:45:10,1.16.3,RevT_R,0,3.63,,1,Right,Left,618,780,696,0,,,0.18
11/24/2024 11:46:28,1.16.3,RevT_R,0,3.63,,1,Right,Left,618,781,696,0,,,0.08
11/24/2024 11:51:14,1.16.3,RevT_R,0,3.64,,1,Right,Left,618,782,696,0,,,0.1
11/24/2024 11:51:15,1.16.3,RevT_R,0,3.63,,1,Right,Left,618,783,696,0,,,0.12
11/24/2024 11:53:49,1.16.3,RevT_R,0,3.63,,1,Right,Left,618,784,696,0,,,0.13
11/24/2024 11:56:01,1.16.3,RevT_R,0,3.62,,1,Left,Left,619,784,696,0,,,0.27
11/24/2024 11:56:03,1.16.3,RevT_R,0,3.63,1.0,1,Pellet,Left,619,784,697,0,0.91,1649.0,
11/24/2024 11:56:36,1.16.3,RevT_R,0,3.63,,1,Left,Left,620,784,697,0,,,0.17
11/24/2024 11:56:37,1.16.3,RevT_R,0,3.63,2.0,1,Pellet,Left,620,784,698,0,0.30,34.0,
11/24/2024 11:57:00,1.16.3,RevT_R,0,3.63,,1,Left,Left,621,784,698,0,,,0.12
11/24/2024 11:57:02,1.16.3,RevT_R,0,3.63,2.0,1,Pellet,Left,621,784,699,0,0.49,25.0,
11/24/2024 11:57:21,1.16.3,RevT_R,0,3.63,,1,Left,Left,622,784,699,0,,,0.02
11/24/2024 11:57:23,1.16.3,RevT_R,0,3.63,1.0,1,Pellet,Left,622,784,700,0,0.73,21.0,
11/24/2024 11:57:43,1.16.3,RevT_R,0,3.64,,1,Left,Right,623,784,700,0,,,0.12
11/24/2024 11:57:45,1.16.3,RevT_R,0,3.63,,1,Left,Right,624,784,700,0,,,0.14
11/24/2024 11:57:48,1.16.3,RevT_R,0,3.63,,1,Left,Right,625,784,700,0,,,0.05
11/24/2024 11:57:52,1.16.3,RevT_R,0,3.63,,1,Left,Right,626,784,700,0,,,0.06
11/24/2024 11:57:56,1.16.3,RevT_R,0,3.63,,1,Left,Right,627,784,700,0,,,0.1
11/24/2024 12:12:49,1.16.3,RevT_R,0,3.64,,1,Right,Right,627,785,700,0,,,0.23
11/24/2024 12:12:53,1.16.3,RevT_R,0,3.63,2.0,1,Pellet,Right,627,785,701,0,1.03,930.0,
11/24/2024 12:13:26,1.16.3,RevT_R,0,3.63,,1,Right,Right,627,786,701,0,,,0.08
11/24/2024 12:13:28,1.16.3,RevT_R,0,3.62,1.0,1,Pellet,Right,627,786,702,0,0.91,35.0,
11/24/2024 12:13:51,1.16.3,RevT_R,0,3.64,,1,Right,Right,627,787,702,0,,,0.2
11/24/2024 12:13:52,1.16.3,RevT_R,0,3.63,1.0,1,Pellet,Right,627,787,703,0,0.42,24.0,
11/24/2024 12:25:30,1.16.3,RevT_R,0,3.63,,1,Right,Right,627,788,703,0,,,0.0
11/24/2024 12:25:31,1.16.3,RevT_R,0,3.63,2.0,1,Pellet,Right,627,788,704,0,0.73,699.0,
11/24/2024 12:26:01,1.16.3,RevT_R,0,3.63,,1,Right,Right,627,789,704,0,,,0.1
11/24/2024 12:26:05,1.16.3,RevT_R,0,3.63,3.0,1,Pellet,Right,627,789,705,0,1.10,34.0,
11/24/2024 12:26:33,1.16.3,RevT_R,0,3.63,,1,Right,Right,627,790,705,0,,,0.12
11/24/2024 12:26:34,1.16.3,RevT_R,0,3.62,1.0,1,Pellet,Right,627,790,706,0,0.67,29.0,
11/24/2024 12:37:01,1.16.3,RevT_R,0,3.64,,1,Right,Right,627,791,706,0,,,0.1
11/24/2024 12:37:04,1.16.3,RevT_R,0,3.63,2.0,1,Pellet,Right,627,791,707,0,1.28,630.0,
11/24/2024 12:37:33,1.16.3,RevT_R,0,3.63,,1,Right,Right,627,792,707,0,,,0.05
11/24/2024 12:37:35,1.16.3,RevT_R,0,3.63,2.0,1,Pellet,Right,627,792,708,0,0.48,31.0,
11/24/2024 12:38:02,1.16.3,RevT_R,0,3.62,,1,Right,Right,627,793,708,0,,,0.03
11/24/2024 12:38:03,1.16.3,RevT_R,0,3.63,2.0,1,Pellet,Right,627,793,709,0,0.42,28.0,
11/24/2024 12:38:39,1.16.3,RevT_R,0,3.63,,1,Right,Right,627,794,709,0,,,0.09
11/24/2024 12:38:41,1.16.3,RevT_R,0,3.63,1.0,1,Pellet,Right,627,794,710,0,1.03,38.0,
11/24/2024 12:41:38,1.16.3,RevT_R,0,3.63,,1,Right,Right,627,795,710,0,,,0.09
11/24/2024 12:41:40,1.16.3,RevT_R,0,3.64,1.0,1,Pellet,Right,627,795,711,0,1.03,179.0,
11/24/2024 13:03:29,1.16.3,RevT_R,0,3.63,,1,Right,Right,627,796,711,0,,,0.15
11/24/2024 13:03:31,1.16.3,RevT_R,0,3.63,2.0,1,Pellet,Right,627,796,712,0,0.73,1311.0,
11/24/2024 13:03:56,1.16.3,RevT_R,0,3.63,,1,Right,Right,627,797,712,0,,,0.12
11/24/2024 13:03:57,1.16.3,RevT_R,0,3.63,1.0,1,Pellet,Right,627,797,713,0,0.55,26.0,
11/24/2024 13:04:21,1.16.3,RevT_R,0,3.63,,1,Right,Right,627,798,713,0,,,0.13
11/24/2024 13:04:21,1.16.3,RevT_R,0,3.63,,1,RightDuringDispense,Right,627,799,713,0,,,0.04
11/24/2024 13:04:25,1.16.3,RevT_R,0,3.63,2.0,1,Pellet,Right,627,799,714,0,0.85,28.0,
11/24/2024 13:04:43,1.16.3,RevT_R,0,3.63,,1,Right,Right,627,800,714,0,,,0.27
11/24/2024 13:04:44,1.16.3,RevT_R,0,3.63,1.0,1,Pellet,Right,627,800,715,0,0.42,19.0,
11/24/2024 13:05:05,1.16.3,RevT_R,0,3.63,,1,Right,Right,627,801,715,0,,,0.17
11/24/2024 13:05:06,1.16.3,RevT_R,0,3.63,1.0,1,Pellet,Right,627,801,716,0,0.30,22.0,
11/24/2024 13:05:27,1.16.3,RevT_R,0,3.63,,1,Right,Right,627,802,716,0,,,0.13
11/24/2024 13:05:28,1.16.3,RevT_R,0,3.63,1.0,1,Pellet,Right,627,802,717,0,0.48,22.0,
11/24/2024 13:06:03,1.16.3,RevT_R,0,3.64,,1,Right,Right,627,803,717,0,,,0.16
11/24/2024 13:06:04,1.16.3,RevT_R,0,3.63,1.0,1,Pellet,Right,627,803,718,0,0.97,36.0,
11/24/2024 13:06:30,1.16.3,RevT_R,0,3.63,,1,Right,Right,627,804,718,0,,,0.1
11/24/2024 13:06:31,1.16.3,RevT_R,0,3.63,1.0,1,Pellet,Right,627,804,719,0,0.42,27.0,
11/24/2024 13:06:58,1.16.3,RevT_R,0,3.63,,1,Right,Right,627,805,719,0,,,0.16
11/24/2024 13:07:00,1.16.3,RevT_R,0,3.63,1.0,1,Pellet,Right,627,805,720,0,0.48,29.0,
11/24/2024 13:07:29,1.16.3,RevT_R,0,3.63,,1,Right,Right,627,806,720,0,,,0.09
11/24/2024 13:07:32,1.16.3,RevT_R,0,3.63,2.0,1,Pellet,Right,627,806,721,0,0.49,32.0,
11/24/2024 13:28:49,1.16.3,RevT_R,0,3.63,,1,Right,Right,627,807,721,0,,,0.21
11/24/2024 13:28:49,1.16.3,RevT_R,0,3.63,,1,RightDuringDispense,Right,627,808,721,0,,,0.04
11/24/2024 13:30:01,1.16.3,RevT_R,0,3.64,2.0,1,Pellet,Right,627,808,722,0,Timed_out,1349.0,
11/24/2024 13:30:39,1.16.3,RevT_R,0,3.63,,1,Right,Right,627,809,722,0,,,0.08
11/24/2024 13:30:40,1.16.3,RevT_R,0,3.62,1.0,1,Pellet,Right,627,809,723,0,0.55,39.0,
11/24/2024 13:35:06,1.16.3,RevT_R,0,3.63,,1,Right,Right,627,810,723,0,,,0.07
11/24/2024 13:35:09,1.16.3,RevT_R,0,3.63,2.0,1,Pellet,Right,627,810,724,0,0.91,269.0,
11/24/2024 13:35:36,1.16.3,RevT_R,0,3.63,,1,Right,Right,627,811,724,0,,,0.05
11/24/2024 13:35:37,1.16.3,RevT_R,0,3.63,1.0,1,Pellet,Right,627,811,725,0,1.03,28.0,
11/24/2024 14:06:01,1.16.3,RevT_R,0,3.63,,1,Right,Left,627,812,725,0,,,0.0
11/24/2024 14:06:20,1.16.3,RevT_R,0,3.64,,1,Left,Left,628,812,725,0,,,0.13
11/24/2024 14:06:22,1.16.3,RevT_R,0,3.63,2.0,1,Pellet,Left,628,812,726,0,0.49,1845.0,
11/24/2024 14:06:48,1.16.3,RevT_R,0,3.63,,1,Right,Left,628,813,726,0,,,0.22
11/24/2024 14:06:49,1.16.3,RevT_R,0,3.63,,1,Right,Left,628,814,726,0,,,0.22
11/24/2024 14:07:01,1.16.3,RevT_R,0,3.63,,1,Right,Left,628,815,726,0,,,0.04
11/24/2024 14:07:05,1.16.3,RevT_R,0,3.63,,1,Left,Left,629,815,726,0,,,0.16
11/24/2024 14:07:06,1.16.3,RevT_R,0,3.63,2.0,1,Pellet,Left,629,815,727,0,0.30,44.0,
11/24/2024 14:08:11,1.16.3,RevT_R,0,3.63,,1,Right,Left,629,816,727,0,,,0.15
11/24/2024 14:08:14,1.16.3,RevT_R,0,3.62,,1,Left,Left,630,816,727,0,,,0.15
11/24/2024 14:08:15,1.16.3,RevT_R,0,3.63,1.0,1,Pellet,Left,630,816,728,0,0.61,69.0,
11/24/2024 14:08:50,1.16.3,RevT_R,0,3.63,,1,Right,Left,630,817,728,0,,,0.03
11/24/2024 14:08:51,1.16.3,RevT_R,0,3.63,,1,Right,Left,630,818,728,0,,,0.25
11/24/2024 14:08:55,1.16.3,RevT_R,0,3.63,,1,Right,Left,630,819,728,0,,,0.14
11/24/2024 14:08:56,1.16.3,RevT_R,0,3.63,,1,Right,Left,630,820,728,0,,,0.21
11/24/2024 14:34:37,1.16.3,RevT_R,0,3.62,,1,Right,Left,630,821,728,0,,,0.26
11/24/2024 14:34:39,1.16.3,RevT_R,0,3.63,,1,Right,Left,630,822,728,0,,,0.04
11/24/2024 14:34:42,1.16.3,RevT_R,0,3.63,,1,Right,Left,630,823,728,0,,,0.21
11/24/2024 14:42:15,1.16.3,RevT_R,0,3.63,,1,Right,Left,630,824,728,0,,,0.32
11/24/2024 14:42:18,1.16.3,RevT_R,0,3.63,,1,Right,Left,630,825,728,0,,,0.15
11/24/2024 14:42:21,1.16.3,RevT_R,0,3.63,,1,Right,Left,630,826,728,0,,,0.15
11/24/2024 14:49:41,1.16.3,RevT_R,0,3.63,,1,Right,Left,630,827,728,0,,,0.15
11/24/2024 14:53:00,1.16.3,RevT_R,0,3.63,,1,Left,Left,631,827,728,0,,,0.18
11/24/2024 14:53:01,1.16.3,RevT_R,0,3.63,2.0,1,Pellet,Left,631,827,729,0,0.85,2686.0,
11/24/2024 14:53:31,1.16.3,RevT_R,0,3.62,,1,Right,Left,631,828,729,0,,,0.19
11/24/2024 14:53:34,1.16.3,RevT_R,0,3.63,,1,Left,Left,632,828,729,0,,,0.05
11/24/2024 14:53:35,1.16.3,RevT_R,0,3.64,1.0,1,Pellet,Left,632,828,730,0,0.36,34.0,
11/24/2024 14:54:18,1.16.3,RevT_R,0,3.64,,1,Left,Left,633,828,730,0,,,0.13
11/24/2024 14:54:19,1.16.3,RevT_R,0,3.63,2.0,1,Pellet,Left,633,828,731,0,0.61,44.0,
11/24/2024 14:54:59,1.16.3,RevT_R,0,3.64,,1,Left,Left,634,828,731,0,,,0.07
11/24/2024 14:55:01,1.16.3,RevT_R,0,3.63,1.0,1,Pellet,Left,634,828,732,0,0.73,42.0,
11/24/2024 14:55:34,1.16.3,RevT_R,0,3.63,,1,Left,Left,635,828,732,0,,,0.06
11/24/2024 14:55:36,1.16.3,RevT_R,0,3.63,1.0,1,Pellet,Left,635,828,733,0,0.85,34.0,
11/24/2024 14:56:09,1.16.3,RevT_R,0,3.64,,1,Right,Left,635,829,733,0,,,0.13
11/24/2024 14:56:13,1.16.3,RevT_R,0,3.63,,1,Left,Left,636,829,733,0,,,0.18
11/24/2024 14:56:14,1.16.3,RevT_R,0,3.63,2.0,1,Pellet,Left,636,829,734,0,0.49,39.0,
11/24/2024 14:56:54,1.16.3,RevT_R,0,3.63,,1,Left,Left,637,829,734,0,,,0.09
11/24/2024 14:56:58,1.16.3,RevT_R,0,3.63,3.0,1,Pellet,Left,637,829,735,0,0.73,44.0,
11/24/2024 15:24:01,1.16.3,RevT_R,0,3.63,,1,Right,Left,637,830,735,0,,,0.22
11/24/2024 15:33:24,1.16.3,RevT_R,0,3.63,,1,Right,Left,637,831,735,0,,,0.21
11/24/2024 15:33:30,1.16.3,RevT_R,0,3.63,,1,Left,Left,638,831,735,0,,,0.05
11/24/2024 15:33:31,1.16.3,RevT_R,0,3.63,2.0,1,Pellet,Left,638,831,736,0,0.67,2193.0,
11/24/2024 15:33:56,1.16.3,RevT_R,0,3.63,,1,Right,Left,638,832,736,0,,,0.05
11/24/2024 15:33:57,1.16.3,RevT_R,0,3.63,,1,Right,Left,638,833,736,0,,,0.04
11/24/2024 15:33:59,1.16.3,RevT_R,0,3.63,,1,Left,Left,639,833,736,0,,,0.15
11/24/2024 15:34:01,1.16.3,RevT_R,0,3.63,2.0,1,Pellet,Left,639,833,737,0,0.79,30.0,
11/24/2024 15:34:22,1.16.3,RevT_R,0,3.63,,1,Right,Left,639,834,737,0,,,0.05
11/24/2024 15:34:24,1.16.3,RevT_R,0,3.62,,1,Right,Left,639,835,737,0,,,0.13
11/24/2024 15:34:28,1.16.3,RevT_R,0,3.63,,1,Left,Left,640,835,737,0,,,0.2
11/24/2024 15:34:29,1.16.3,RevT_R,0,3.63,1.0,1,Pellet,Left,640,835,738,0,0.55,28.0,
11/24/2024 15:51:47,1.16.3,RevT_R,0,3.63,,1,Right,Left,640,836,738,0,,,0.19
11/24/2024 15:56:29,1.16.3,RevT_R,0,3.63,,1,Right,Left,640,837,738,0,,,0.1
11/24/2024 15:56:38,1.16.3,RevT_R,0,3.63,,1,Right,Left,640,838,738,0,,,0.05
11/24/2024 16:25:15,1.16.3,RevT_R,0,3.63,,1,Left,Left,641,838,738,0,,,0.17
11/24/2024 16:25:17,1.16.3,RevT_R,0,3.62,1.0,1,Pellet,Left,641,838,739,0,0.61,3048.0,
11/24/2024 16:25:40,1.16.3,RevT_R,0,3.62,,1,Left,Left,642,838,739,0,,,0.15
11/24/2024 16:25:41,1.16.3,RevT_R,0,3.63,1.0,1,Pellet,Left,642,838,740,0,0.36,24.0,
11/24/2024 16:26:04,1.16.3,RevT_R,0,3.63,,1,Right,Left,642,839,740,0,,,0.09
11/24/2024 16:26:07,1.16.3,RevT_R,0,3.63,,1,Left,Left,643,839,740,0,,,0.21
11/24/2024 16:26:08,1.16.3,RevT_R,0,3.63,2.0,1,Pellet,Left,643,839,741,0,0.61,27.0,
11/24/2024 16:26:36,1.16.3,RevT_R,0,3.63,,1,Left,Left,644,839,741,0,,,0.06
11/24/2024 16:26:38,1.16.3,RevT_R,0,3.62,2.0,1,Pellet,Left,644,839,742,0,0.30,30.0,
11/24/2024 16:27:12,1.16.3,RevT_R,0,3.63,,1,Right,Left,644,840,742,0,,,0.27
11/24/2024 16:27:15,1.16.3,RevT_R,0,3.62,,1,Left,Left,645,840,742,0,,,0.09
11/24/2024 16:27:16,1.16.3,RevT_R,0,3.63,1.0,1,Pellet,Left,645,840,743,0,0.42,38.0,
11/24/2024 16:27:40,1.16.3,RevT_R,0,3.63,,1,Left,Left,646,840,743,0,,,0.16
11/24/2024 16:27:41,1.16.3,RevT_R,0,3.63,2.0,1,Pellet,Left,646,840,744,0,0.24,25.0,
11/24/2024 16:28:12,1.16.3,RevT_R,0,3.62,,1,Left,Left,647,840,744,0,,,0.0
11/24/2024 16:28:17,1.16.3,RevT_R,0,3.63,1.0,1,Pellet,Left,647,840,745,0,4.78,36.0,
11/24/2024 16:28:43,1.16.3,RevT_R,0,3.63,,1,Left,Left,648,840,745,0,,,0.17
11/24/2024 16:28:44,1.16.3,RevT_R,0,3.63,2.0,1,Pellet,Left,648,840,746,0,0.30,27.0,
11/24/2024 16:33:15,1.16.3,RevT_R,0,3.63,,1,Left,Left,649,840,746,0,,,0.1
11/24/2024 16:35:07,1.16.3,RevT_R,0,3.63,2.0,1,Pellet,Left,649,840,747,0,Timed_out,383.0,
11/24/2024 16:50:57,1.16.3,RevT_R,0,3.63,,1,Right,Left,649,841,747,0,,,0.32
11/24/2024 16:59:13,1.16.3,RevT_R,0,3.63,,1,Right,Left,649,842,747,0,,,0.01
11/24/2024 17:00:31,1.16.3,RevT_R,0,3.63,,1,Right,Left,649,843,747,0,,,0.13
11/24/2024 17:29:04,1.16.3,RevT_R,0,3.62,,1,Right,Left,649,844,747,0,,,0.53
11/24/2024 17:29:07,1.16.3,RevT_R,0,3.63,,1,Left,Left,650,844,747,0,,,0.08
11/24/2024 17:29:15,1.16.3,RevT_R,0,3.62,4.0,1,Pellet,Left,650,844,748,0,0.73,3248.0,
11/24/2024 17:29:54,1.16.3,RevT_R,0,3.63,,1,Left,Left,651,844,748,0,,,0.24
11/24/2024 17:29:55,1.16.3,RevT_R,0,3.63,1.0,1,Pellet,Left,651,844,749,0,0.30,40.0,
11/24/2024 17:30:20,1.16.3,RevT_R,0,3.64,,1,Right,Left,651,845,749,0,,,0.35
11/24/2024 17:30:22,1.16.3,RevT_R,0,3.62,,1,Left,Left,652,845,749,0,,,0.02
11/24/2024 17:30:22,1.16.3,RevT_R,0,3.62,,1,LeftDuringDispense,Left,653,845,749,0,,,0.01
11/24/2024 17:30:26,1.16.3,RevT_R,0,3.63,3.0,1,Pellet,Left,653,845,750,0,0.67,31.0,
11/24/2024 17:31:11,1.16.3,RevT_R,0,3.62,,1,Right,Right,653,846,750,0,,,0.5
11/24/2024 17:31:12,1.16.3,RevT_R,0,3.63,1.0,1,Pellet,Right,653,846,751,0,0.61,46.0,
11/24/2024 17:31:43,1.16.3,RevT_R,0,3.63,,1,Right,Right,653,847,751,0,,,0.12
11/24/2024 17:32:11,1.16.3,RevT_R,0,3.62,1.0,1,Pellet,Right,653,847,752,0,27.44,59.0,
11/24/2024 17:32:49,1.16.3,RevT_R,0,3.62,,1,Right,Right,653,848,752,0,,,0.2
11/24/2024 17:32:51,1.16.3,RevT_R,0,3.63,2.0,1,Pellet,Right,653,848,753,0,0.36,40.0,
11/24/2024 17:33:23,1.16.3,RevT_R,0,3.63,,1,Right,Right,653,849,753,0,,,0.24
11/24/2024 17:33:24,1.16.3,RevT_R,0,3.62,2.0,1,Pellet,Right,653,849,754,0,0.79,33.0,
11/24/2024 17:33:55,1.16.3,RevT_R,0,3.63,,1,Right,Right,653,850,754,0,,,0.23
11/24/2024 17:33:57,1.16.3,RevT_R,0,3.63,1.0,1,Pellet,Right,653,850,755,0,0.61,32.0,
11/24/2024 17:57:34,1.16.3,RevT_R,0,3.63,,1,Right,Right,653,851,755,0,,,0.19
11/24/2024 17:57:35,1.16.3,RevT_R,0,3.63,1.0,1,Pellet,Right,653,851,756,0,0.85,1419.0,
11/24/2024 17:58:08,1.16.3,RevT_R,0,3.63,,1,Right,Right,653,852,756,0,,,0.09
11/24/2024 17:58:09,1.16.3,RevT_R,0,3.63,2.0,1,Pellet,Right,653,852,757,0,0.36,34.0,
11/24/2024 17:58:40,1.16.3,RevT_R,0,3.62,,1,Right,Right,653,853,757,0,,,0.08
11/24/2024 17:58:42,1.16.3,RevT_R,0,3.63,2.0,1,Pellet,Right,653,853,758,0,0.42,33.0,
11/24/2024 18:25:21,1.16.3,RevT_R,0,3.63,,1,Right,Right,653,854,758,0,,,0.36
11/24/2024 18:25:23,1.16.3,RevT_R,0,3.63,2.0,1,Pellet,Right,653,854,759,0,0.67,1600.0,
11/24/2024 18:25:56,1.16.3,RevT_R,0,3.63,,1,Right,Right,653,855,759,0,,,0.05
11/24/2024 18:25:57,1.16.3,RevT_R,0,3.63,1.0,1,Pellet,Right,653,855,760,0,0.49,35.0,
11/24/2024 18:26:36,1.16.3,RevT_R,0,3.63,,1,Right,Right,653,856,760,0,,,0.26
11/24/2024 18:26:38,1.16.3,RevT_R,0,3.63,1.0,1,Pellet,Right,653,856,761,0,0.49,41.0,
11/24/2024 18:42:32,1.16.3,RevT_R,0,3.62,,1,Right,Right,653,857,761,0,,,0.36
11/24/2024 18:42:33,1.16.3,RevT_R,0,3.62,2.0,1,Pellet,Right,653,857,762,0,0.85,955.0,
11/24/2024 18:43:33,1.16.3,RevT_R,0,3.63,,1,Right,Right,653,858,762,0,,,0.28
11/24/2024 18:43:34,1.16.3,RevT_R,0,3.63,1.0,1,Pellet,Right,653,858,763,0,0.55,61.0,
11/24/2024 18:44:15,1.16.3,RevT_R,0,3.62,,1,Right,Right,653,859,763,0,,,0.21
11/24/2024 18:44:17,1.16.3,RevT_R,0,3.63,1.0,1,Pellet,Right,653,859,764,0,0.98,43.0,
11/24/2024 18:44:50,1.16.3,RevT_R,0,3.63,,1,Right,Right,653,860,764,0,,,0.03
11/24/2024 18:44:51,1.16.3,RevT_R,0,3.62,2.0,1,Pellet,Right,653,860,765,0,0.67,34.0,
11/24/2024 18:45:20,1.16.3,RevT_R,0,3.62,,1,Right,Right,653,861,765,0,,,0.07
11/24/2024 18:45:21,1.16.3,RevT_R,0,3.62,1.0,1,Pellet,Right,653,861,766,0,0.36,30.0,
11/24/2024 18:55:01,1.16.3,RevT_R,0,3.63,,1,Left,Right,654,861,766,0,,,0.07
11/24/2024 18:55:03,1.16.3,RevT_R,0,3.63,,1,Left,Right,655,861,766,0,,,0.25
11/24/2024 19:08:54,1.16.3,RevT_R,0,3.63,,1,Right,Right,655,862,766,0,,,0.12
11/24/2024 19:08:56,1.16.3,RevT_R,0,3.62,1.0,1,Pellet,Right,655,862,767,0,1.22,1415.0,
11/24/2024 19:14:51,1.16.3,RevT_R,0,3.63,,1,Left,Right,656,862,767,0,,,0.04
11/24/2024 19:16:07,1.16.3,RevT_R,0,3.62,,1,Left,Right,657,862,767,0,,,0.08
11/24/2024 19:27:59,1.16.3,RevT_R,0,3.63,,1,Right,Right,657,863,767,0,,,0.23
11/24/2024 19:28:02,1.16.3,RevT_R,0,3.63,1.0,1,Pellet,Right,657,863,768,0,1.90,1146.0,
11/24/2024 19:28:29,1.16.3,RevT_R,0,3.62,,1,Right,Right,657,864,768,0,,,0.26
11/24/2024 19:28:32,1.16.3,RevT_R,0,3.62,1.0,1,Pellet,Right,657,864,769,0,2.02,30.0,
11/24/2024 19:29:03,1.16.3,RevT_R,0,3.62,,1,Right,Right,657,865,769,0,,,0.19
11/24/2024 19:29:04,1.16.3,RevT_R,0,3.63,2.0,1,Pellet,Right,657,865,770,0,0.42,32.0,
11/24/2024 19:41:04,1.16.3,RevT_R,0,3.63,,1,Right,Right,657,866,770,0,,,0.04
11/24/2024 19:41:05,1.16.3,RevT_R,0,3.63,2.0,1,Pellet,Right,657,866,771,0,0.36,721.0,
11/24/2024 19:41:37,1.16.3,RevT_R,0,3.62,,1,Right,Right,657,867,771,0,,,0.07
11/24/2024 19:41:39,1.16.3,RevT_R,0,3.62,2.0,1,Pellet,Right,657,867,772,0,0.30,34.0,
11/24/2024 19:42:32,1.16.3,RevT_R,0,3.63,,1,Right,Right,657,868,772,0,,,0.19
11/24/2024 19:42:33,1.16.3,RevT_R,0,3.62,2.0,1,Pellet,Right,657,868,773,0,0.30,54.0,
11/24/2024 19:43:06,1.16.3,RevT_R,0,3.62,,1,Right,Right,657,869,773,0,,,0.18
11/24/2024 19:43:07,1.16.3,RevT_R,0,3.63,2.0,1,Pellet,Right,657,869,774,0,0.30,34.0,
11/24/2024 20:19:54,1.16.3,RevT_R,0,3.62,,1,Right,Right,657,870,774,0,,,0.29
11/24/2024 20:19:55,1.16.3,RevT_R,0,3.63,1.0,1,Pellet,Right,657,870,775,0,0.85,2208.0,
11/24/2024 20:20:22,1.16.3,RevT_R,0,3.62,,1,Right,Left,657,871,775,0,,,0.07
11/24/2024 20:20:25,1.16.3,RevT_R,0,3.62,,1,Right,Left,657,872,775,0,,,0.27
11/24/2024 20:20:33,1.16.3,RevT_R,0,3.62,,1,Right,Left,657,873,775,0,,,0.24
11/24/2024 20:20:35,1.16.3,RevT_R,0,3.63,,1,Right,Left,657,874,775,0,,,0.47
11/24/2024 20:20:41,1.16.3,RevT_R,0,3.63,,1,Right,Left,657,875,775,0,,,0.04
11/24/2024 20:20:42,1.16.3,RevT_R,0,3.63,,1,Right,Left,657,876,775,0,,,0.25
11/24/2024 20:20:46,1.16.3,RevT_R,0,3.62,,1,Right,Left,657,877,775,0,,,0.23
11/24/2024 20:20:50,1.16.3,RevT_R,0,3.62,,1,Left,Left,658,877,775,0,,,0.21
11/24/2024 20:20:51,1.16.3,RevT_R,0,3.63,2.0,1,Pellet,Left,658,877,776,0,0.42,56.0,
11/24/2024 20:21:45,1.16.3,RevT_R,0,3.63,,1,Left,Left,659,877,776,0,,,0.0
11/24/2024 20:21:46,1.16.3,RevT_R,0,3.63,1.0,1,Pellet,Left,659,877,777,0,0.24,55.0,
11/24/2024 20:37:28,1.16.3,RevT_R,0,3.62,,1,Right,Left,659,878,777,0,,,0.27
11/24/2024 20:37:30,1.16.3,RevT_R,0,3.62,,1,Right,Left,659,879,777,0,,,0.22
11/24/2024 20:37:33,1.16.3,RevT_R,0,3.62,,1,Right,Left,659,880,777,0,,,0.21
11/24/2024 20:53:36,1.16.3,RevT_R,0,3.63,,1,Right,Left,659,881,777,0,,,0.31
11/24/2024 20:53:38,1.16.3,RevT_R,0,3.63,,1,Right,Left,659,882,777,0,,,0.14
11/24/2024 20:53:40,1.16.3,RevT_R,0,3.63,,1,Right,Left,659,883,777,0,,,0.05
11/24/2024 21:03:32,1.16.3,RevT_R,0,3.62,,1,Right,Left,659,884,777,0,,,0.35
11/24/2024 21:03:36,1.16.3,RevT_R,0,3.63,,1,Right,Left,659,885,777,0,,,0.27
11/24/2024 21:03:39,1.16.3,RevT_R,0,3.63,,1,Right,Left,659,886,777,0,,,0.15
11/24/2024 21:03:44,1.16.3,RevT_R,0,3.63,,1,Right,Left,659,887,777,0,,,0.22
11/24/2024 21:03:46,1.16.3,RevT_R,0,3.63,,1,Right,Left,659,888,777,0,,,0.06
11/24/2024 21:19:12,1.16.3,RevT_R,0,3.62,,1,Right,Left,659,889,777,0,,,0.1
11/24/2024 22:01:06,1.16.3,RevT_R,0,3.63,,1,Right,Left,659,890,777,0,,,0.24
11/24/2024 22:01:09,1.16.3,RevT_R,0,3.62,,1,Right,Left,659,891,777,0,,,0.28
11/24/2024 22:01:12,1.16.3,RevT_R,0,3.63,,1,Right,Left,659,892,777,0,,,0.23
11/24/2024 22:01:13,1.16.3,RevT_R,0,3.62,,1,Right,Left,659,893,777,0,,,0.37
11/24/2024 22:01:14,1.16.3,RevT_R,0,3.62,,1,Right,Left,659,894,777,0,,,0.25
11/24/2024 22:01:24,1.16.3,RevT_R,0,3.63,,1,Left,Left,660,894,777,0,,,0.14
11/24/2024 22:01:25,1.16.3,RevT_R,0,3.63,2.0,1,Pellet,Left,660,894,778,0,0.55,5979.0,
11/24/2024 22:02:13,1.16.3,RevT_R,0,3.63,,1,Right,Left,660,895,778,0,,,0.27
11/24/2024 22:02:19,1.16.3,RevT_R,0,3.62,,1,Left,Left,661,895,778,0,,,0.15
11/24/2024 22:02:20,1.16.3,RevT_R,0,3.62,2.0,1,Pellet,Left,661,895,779,0,0.24,55.0,
11/24/2024 22:02:40,1.16.3,RevT_R,0,3.62,,1,Right,Left,661,896,779,0,,,0.08
11/24/2024 22:02:41,1.16.3,RevT_R,0,3.62,,1,Right,Left,661,897,779,0,,,0.2
11/24/2024 22:02:46,1.16.3,RevT_R,0,3.62,,1,Left,Left,662,897,779,0,,,0.03
11/24/2024 22:02:47,1.16.3,RevT_R,0,3.63,1.0,1,Pellet,Left,662,897,780,0,0.24,27.0,
11/24/2024 22:05:02,1.16.3,RevT_R,0,3.62,,1,Right,Left,662,898,780,0,,,0.2
11/24/2024 22:05:07,1.16.3,RevT_R,0,3.62,,1,Right,Left,662,899,780,0,,,0.18
11/24/2024 22:06:06,1.16.3,RevT_R,0,3.62,,1,Left,Left,663,899,780,0,,,0.37
11/24/2024 22:06:08,1.16.3,RevT_R,0,3.62,2.0,1,Pellet,Left,663,899,781,0,0.85,201.0,
11/24/2024 22:06:41,1.16.3,RevT_R,0,3.62,,1,Left,Left,664,899,781,0,,,0.27
11/24/2024 22:06:42,1.16.3,RevT_R,0,3.62,1.0,1,Pellet,Left,664,899,782,0,0.61,34.0,
11/24/2024 22:07:09,1.16.3,RevT_R,0,3.62,,1,Left,Left,665,899,782,0,,,0.23
11/24/2024 22:07:10,1.16.3,RevT_R,0,3.63,1.0,1,Pellet,Left,665,899,783,0,0.36,28.0,
11/24/2024 22:07:39,1.16.3,RevT_R,0,3.63,,1,Left,Left,666,899,783,0,,,0.03
11/24/2024 22:07:40,1.16.3,RevT_R,0,3.62,,1,LeftDuringDispense,Left,667,899,783,0,,,0.25
11/24/2024 22:07:43,1.16.3,RevT_R,0,3.62,2.0,1,Pellet,Left,667,899,784,0,0.30,33.0,
11/24/2024 22:08:08,1.16.3,RevT_R,0,3.62,,1,Left,Left,668,899,784,0,,,0.31
11/24/2024 22:08:10,1.16.3,RevT_R,0,3.62,1.0,1,Pellet,Left,668,899,785,0,0.73,27.0,
11/24/2024 23:25:41,1.16.3,RevT_R,0,3.62,,1,Right,Left,668,900,785,0,,,0.27
11/24/2024 23:25:43,1.16.3,RevT_R,0,3.62,,1,Right,Left,668,901,785,0,,,0.32
11/24/2024 23:54:07,1.16.3,RevT_R,0,3.62,,1,Right,Left,668,902,785,0,,,0.01
11/24/2024 23:54:09,1.16.3,RevT_R,0,3.62,,1,Right,Left,668,903,785,0,,,0.28
11/24/2024 23:54:11,1.16.3,RevT_R,0,3.62,,1,Right,Left,668,904,785,0,,,0.63
11/24/2024 23:54:13,1.16.3,RevT_R,0,3.62,,1,Right,Left,668,905,785,0,,,0.25
11/24/2024 23:54:16,1.16.3,RevT_R,0,3.62,,1,Left,Left,669,905,785,0,,,0.03
11/24/2024 23:54:18,1.16.3,RevT_R,0,3.62,2.0,1,Pellet,Left,669,905,786,0,0.42,6368.0,
11/24/2024 23:54:50,1.16.3,RevT_R,0,3.62,,1,Left,Left,670,905,786,0,,,0.21
11/24/2024 23:54:52,1.16.3,RevT_R,0,3.62,2.0,1,Pellet,Left,670,905,787,0,0.24,34.0,
11/24/2024 23:55:27,1.16.3,RevT_R,0,3.62,,1,Left,Left,671,905,787,0,,,0.13
11/24/2024 23:55:28,1.16.3,RevT_R,0,3.62,2.0,1,Pellet,Left,671,905,788,0,0.12,36.0,
11/24/2024 23:55:55,1.16.3,RevT_R,0,3.62,,1,Right,Left,671,906,788,0,,,0.12
11/25/2024 0:54:22,1.16.3,RevT_R,0,3.62,,1,Right,Left,671,907,788,0,,,0.21
11/25/2024 0:54:23,1.16.3,RevT_R,0,3.62,,1,Right,Left,671,908,788,0,,,0.17
11/25/2024 0:54:29,1.16.3,RevT_R,0,3.62,,1,Right,Left,671,909,788,0,,,0.05
11/25/2024 0:54:37,1.16.3,RevT_R,0,3.63,,1,Right,Left,671,910,788,0,,,0.16
11/25/2024 0:54:41,1.16.3,RevT_R,0,3.62,,1,Left,Left,672,910,788,0,,,0.23
11/25/2024 0:54:43,1.16.3,RevT_R,0,3.62,2.0,1,Pellet,Left,672,910,789,0,0.67,3555.0,
11/25/2024 2:05:42,1.16.3,RevT_R,0,3.62,,1,Right,Left,672,911,789,0,,,0.17
11/25/2024 2:05:55,1.16.3,RevT_R,0,3.62,,1,Left,Left,673,911,789,0,,,0.21
11/25/2024 2:05:57,1.16.3,RevT_R,0,3.62,2.0,1,Pellet,Left,673,911,790,0,1.22,4274.0,
11/25/2024 2:06:25,1.16.3,RevT_R,0,3.62,,1,Right,Left,673,912,790,0,,,0.16
11/25/2024 2:06:27,1.16.3,RevT_R,0,3.62,,1,Right,Left,673,913,790,0,,,0.06
11/25/2024 2:06:45,1.16.3,RevT_R,0,3.62,,1,Left,Left,674,913,790,0,,,0.04
11/25/2024 2:07:12,1.16.3,RevT_R,0,3.63,3.0,1,Pellet,Left,674,913,791,0,23.69,75.0,
11/25/2024 2:07:41,1.16.3,RevT_R,0,3.62,,1,Left,Left,675,913,791,0,,,0.1
11/25/2024 2:07:42,1.16.3,RevT_R,0,3.62,2.0,1,Pellet,Left,675,913,792,0,0.24,30.0,
11/25/2024 2:08:10,1.16.3,RevT_R,0,3.62,,1,Left,Left,676,913,792,0,,,0.17
11/25/2024 2:08:14,1.16.3,RevT_R,0,3.62,2.0,1,Pellet,Left,676,913,793,0,3.31,32.0,
11/25/2024 2:08:42,1.16.3,RevT_R,0,3.62,,1,Left,Left,677,913,793,0,,,0.06
11/25/2024 2:08:46,1.16.3,RevT_R,0,3.62,3.0,1,Pellet,Left,677,913,794,0,0.24,31.0,
11/25/2024 3:12:01,1.16.3,RevT_R,0,3.62,,1,Right,Left,677,914,794,0,,,0.12
11/25/2024 3:53:36,1.16.3,RevT_R,0,3.62,,1,Right,Left,677,915,794,0,,,0.05
11/25/2024 3:53:59,1.16.3,RevT_R,0,3.62,,1,Right,Left,677,916,794,0,,,0.18
11/25/2024 3:54:04,1.16.3,RevT_R,0,3.62,,1,Left,Left,678,916,794,0,,,0.04
11/25/2024 3:54:05,1.16.3,RevT_R,0,3.62,2.0,1,Pellet,Left,678,916,795,0,0.61,6320.0,
11/25/2024 4:00:45,1.16.3,RevT_R,0,3.63,,1,Right,Left,678,917,795,0,,,0.19
11/25/2024 4:38:13,1.16.3,RevT_R,0,3.62,,1,Right,Left,678,918,795,0,,,0.33
11/25/2024 4:38:19,1.16.3,RevT_R,0,3.62,,1,Left,Left,679,918,795,0,,,0.18
11/25/2024 4:38:21,1.16.3,RevT_R,0,3.62,2.0,1,Pellet,Left,679,918,796,0,0.97,2656.0,
11/25/2024 4:38:57,1.16.3,RevT_R,0,3.62,,1,Right,Left,679,919,796,0,,,0.13
11/25/2024 4:39:03,1.16.3,RevT_R,0,3.62,,1,Right,Left,679,920,796,0,,,0.06
11/25/2024 4:39:07,1.16.3,RevT_R,0,3.62,,1,Left,Left,680,920,796,0,,,0.09
11/25/2024 4:39:08,1.16.3,RevT_R,0,3.62,2.0,1,Pellet,Left,680,920,797,0,0.55,47.0,
11/25/2024 4:43:33,1.16.3,RevT_R,0,3.62,,1,Right,Left,680,921,797,0,,,0.27
11/25/2024 4:45:49,1.16.3,RevT_R,0,3.62,,1,Left,Left,681,921,797,0,,,0.3
11/25/2024 4:45:52,1.16.3,RevT_R,0,3.62,1.0,1,Pellet,Left,681,921,798,0,1.95,404.0,
11/25/2024 4:46:43,1.16.3,RevT_R,0,3.62,,1,Right,Left,681,922,798,0,,,0.26
11/25/2024 4:47:31,1.16.3,RevT_R,0,3.62,,1,Right,Left,681,923,798,0,,,0.09
11/25/2024 5:49:07,1.16.3,RevT_R,0,3.62,,1,Right,Left,681,924,798,0,,,0.24
11/25/2024 5:49:12,1.16.3,RevT_R,0,3.62,,1,Left,Left,682,924,798,0,,,0.14
11/25/2024 5:49:13,1.16.3,RevT_R,0,3.62,1.0,1,Pellet,Left,682,924,799,0,0.61,3801.0,
11/25/2024 5:49:42,1.16.3,RevT_R,0,3.62,,1,Right,Left,682,925,799,0,,,0.24
11/25/2024 5:49:49,1.16.3,RevT_R,0,3.62,,1,Left,Left,683,925,799,0,,,0.0
11/25/2024 5:49:50,1.16.3,RevT_R,0,3.62,1.0,1,Pellet,Left,683,925,800,0,0.36,37.0,
11/25/2024 5:50:22,1.16.3,RevT_R,0,3.62,,1,Left,Right,684,925,800,0,,,0.03
11/25/2024 5:50:22,1.16.3,RevT_R,0,3.62,,1,Left,Right,685,925,800,0,,,0.0
11/25/2024 5:50:24,1.16.3,RevT_R,0,3.62,,1,Left,Right,686,925,800,0,,,0.22
11/25/2024 5:50:37,1.16.3,RevT_R,0,3.62,,1,Left,Right,687,925,800,0,,,0.18
11/25/2024 5:50:38,1.16.3,RevT_R,0,3.62,,1,Left,Right,688,925,800,0,,,0.21
11/25/2024 5:50:40,1.16.3,RevT_R,0,3.62,,1,Left,Right,689,925,800,0,,,0.27
11/25/2024 5:50:41,1.16.3,RevT_R,0,3.62,,1,Left,Right,690,925,800,0,,,0.36
11/25/2024 5:50:42,1.16.3,RevT_R,0,3.62,,1,Left,Right,691,925,800,0,,,0.2
11/25/2024 5:50:44,1.16.3,RevT_R,0,3.62,,1,Left,Right,692,925,800,0,,,0.2
11/25/2024 5:50:47,1.16.3,RevT_R,0,3.62,,1,Left,Right,693,925,800,0,,,0.21
11/25/2024 5:50:49,1.16.3,RevT_R,0,3.62,,1,Left,Right,694,925,800,0,,,0.21
11/25/2024 5:50:53,1.16.3,RevT_R,0,3.62,,1,Right,Right,694,926,800,0,,,0.29
11/25/2024 5:50:54,1.16.3,RevT_R,0,3.62,2.0,1,Pellet,Right,694,926,801,0,0.55,64.0,
11/25/2024 5:51:21,1.16.3,RevT_R,0,3.62,,1,Right,Right,694,927,801,0,,,0.17
11/25/2024 5:51:25,1.16.3,RevT_R,0,3.62,3.0,1,Pellet,Right,694,927,802,0,0.55,31.0,
11/25/2024 5:51:45,1.16.3,RevT_R,0,3.62,,1,Right,Right,694,928,802,0,,,0.47
11/25/2024 5:51:46,1.16.3,RevT_R,0,3.62,2.0,1,Pellet,Right,694,928,803,0,0.42,21.0,
11/25/2024 5:52:15,1.16.3,RevT_R,0,3.62,,1,Right,Right,694,929,803,0,,,0.19
11/25/2024 5:52:28,1.16.3,RevT_R,0,3.62,7.0,1,Pellet,Right,694,929,804,0,0.98,42.0,
11/25/2024 5:52:58,1.16.3,RevT_R,0,3.62,,1,Right,Right,694,930,804,0,,,0.12
11/25/2024 5:52:59,1.16.3,RevT_R,0,3.62,2.0,1,Pellet,Right,694,930,805,0,0.55,31.0,
11/25/2024 5:53:35,1.16.3,RevT_R,0,3.62,,1,Right,Right,694,931,805,0,,,0.23
11/25/2024 5:53:36,1.16.3,RevT_R,0,3.62,2.0,1,Pellet,Right,694,931,806,0,0.30,37.0,
11/25/2024 5:55:49,1.16.3,RevT_R,0,3.62,,1,Right,Right,694,932,806,0,,,0.0
11/25/2024 5:55:50,1.16.3,RevT_R,0,3.62,2.0,1,Pellet,Right,694,932,807,0,0.85,134.0,
11/25/2024 6:36:20,1.16.3,RevT_R,0,3.62,,1,Right,Right,694,933,807,0,,,0.17
11/25/2024 6:36:22,1.16.3,RevT_R,0,3.62,1.0,1,Pellet,Right,694,933,808,0,1.46,2432.0,
11/25/2024 6:37:43,1.16.3,RevT_R,0,3.62,,1,Right,Right,694,934,808,0,,,0.08
11/25/2024 6:37:46,1.16.3,RevT_R,0,3.62,2.0,1,Pellet,Right,694,934,809,0,0.30,84.0,
11/25/2024 6:38:25,1.16.3,RevT_R,0,3.62,,1,Right,Right,694,935,809,0,,,0.27
11/25/2024 6:38:27,1.16.3,RevT_R,0,3.62,2.0,1,Pellet,Right,694,935,810,0,0.24,41.0,
11/25/2024 7:09:59,1.16.3,RevT_R,0,3.62,,1,Right,Right,694,936,810,0,,,0.36
11/25/2024 7:10:04,1.16.3,RevT_R,0,3.62,2.0,1,Pellet,Right,694,936,811,0,3.74,1896.0,
11/25/2024 7:11:35,1.16.3,RevT_R,0,3.62,,1,Right,Right,694,937,811,0,,,0.15
11/25/2024 7:11:47,1.16.3,RevT_R,0,3.62,3.0,1,Pellet,Right,694,937,812,0,8.59,104.0,
11/25/2024 7:27:22,1.16.3,RevT_R,0,3.62,,1,Right,Right,694,938,812,0,,,0.44
11/25/2024 7:28:00,1.16.3,RevT_R,0,3.62,2.0,1,Pellet,Right,694,938,813,0,37.53,973.0,
11/25/2024 8:09:29,1.16.3,RevT_R,0,3.62,,1,Right,Right,694,939,813,0,,,0.23
11/25/2024 8:09:31,1.16.3,RevT_R,0,3.62,2.0,1,Pellet,Right,694,939,814,0,0.48,2491.0,
11/25/2024 8:09:52,1.16.3,RevT_R,0,3.62,,1,Right,Right,694,940,814,0,,,0.13
11/25/2024 8:09:53,1.16.3,RevT_R,0,3.62,1.0,1,Pellet,Right,694,940,815,0,0.42,22.0,
11/25/2024 8:10:30,1.16.3,RevT_R,0,3.62,,1,Right,Right,694,941,815,0,,,0.02
11/25/2024 8:10:31,1.16.3,RevT_R,0,3.62,2.0,1,Pellet,Right,694,941,816,0,0.30,38.0,
11/25/2024 8:10:56,1.16.3,RevT_R,0,3.62,,1,Right,Right,694,942,816,0,,,0.15
11/25/2024 8:11:00,1.16.3,RevT_R,0,3.62,3.0,1,Pellet,Right,694,942,817,0,0.79,29.0,
11/25/2024 8:11:56,1.16.3,RevT_R,0,3.62,,1,Right,Right,694,943,817,0,,,0.11
11/25/2024 8:11:57,1.16.3,RevT_R,0,3.62,2.0,1,Pellet,Right,694,943,818,0,0.30,57.0,
11/25/2024 8:12:19,1.16.3,RevT_R,0,3.62,,1,Right,Right,694,944,818,0,,,0.13
11/25/2024 8:12:20,1.16.3,RevT_R,0,3.62,2.0,1,Pellet,Right,694,944,819,0,0.48,23.0,
11/25/2024 8:12:42,1.16.3,RevT_R,0,3.62,,1,Right,Right,694,945,819,0,,,0.11
11/25/2024 8:12:44,1.16.3,RevT_R,0,3.62,2.0,1,Pellet,Right,694,945,820,0,0.73,24.0,
11/25/2024 8:13:10,1.16.3,RevT_R,0,3.62,,1,Right,Right,694,946,820,0,,,0.17
11/25/2024 8:13:11,1.16.3,RevT_R,0,3.62,2.0,1,Pellet,Right,694,946,821,0,0.55,27.0,
11/25/2024 8:13:40,1.16.3,RevT_R,0,3.62,,1,Right,Right,694,947,821,0,,,0.19
11/25/2024 8:13:41,1.16.3,RevT_R,0,3.62,2.0,1,Pellet,Right,694,947,822,0,0.49,30.0,
11/25/2024 9:03:22,1.16.3,RevT_R,0,3.61,,1,Right,Right,694,948,822,0,,,0.09
11/25/2024 9:03:24,1.16.3,RevT_R,0,3.61,2.0,1,Pellet,Right,694,948,823,0,1.22,2983.0,
11/25/2024 9:03:52,1.16.3,RevT_R,0,3.62,,1,Right,Right,694,949,823,0,,,0.17
11/25/2024 9:03:54,1.16.3,RevT_R,0,3.62,2.0,1,Pellet,Right,694,949,824,0,0.24,30.0,
11/25/2024 9:23:44,1.16.3,RevT_R,0,3.62,,1,Right,Right,694,950,824,0,,,0.08
11/25/2024 9:23:48,1.16.3,RevT_R,0,3.62,3.0,1,Pellet,Right,694,950,825,0,1.10,1194.0,
11/25/2024 9:24:12,1.16.3,RevT_R,0,3.62,,1,Right,Left,694,951,825,0,,,0.15
11/25/2024 9:24:18,1.16.3,RevT_R,0,3.62,,1,Left,Left,695,951,825,0,,,0.09
11/25/2024 9:24:20,1.16.3,RevT_R,0,3.62,2.0,1,Pellet,Left,695,951,826,0,0.24,32.0,
11/25/2024 9:24:41,1.16.3,RevT_R,0,3.62,,1,Right,Left,695,952,826,0,,,0.04
11/25/2024 9:24:44,1.16.3,RevT_R,0,3.62,,1,Right,Left,695,953,826,0,,,0.12
11/25/2024 9:24:46,1.16.3,RevT_R,0,3.62,,1,Right,Left,695,954,826,0,,,0.14
11/25/2024 9:24:49,1.16.3,RevT_R,0,3.62,,1,Right,Left,695,955,826,0,,,0.21
11/25/2024 9:24:51,1.16.3,RevT_R,0,3.62,,1,Right,Left,695,956,826,0,,,0.13
11/25/2024 9:24:55,1.16.3,RevT_R,0,3.62,,1,Left,Left,696,956,826,0,,,0.07
11/25/2024 9:24:57,1.16.3,RevT_R,0,3.62,2.0,1,Pellet,Left,696,956,827,0,0.67,37.0,
11/25/2024 9:25:27,1.16.3,RevT_R,0,3.62,,1,Right,Left,696,957,827,0,,,0.01
11/25/2024 9:25:29,1.16.3,RevT_R,0,3.62,,1,Right,Left,696,958,827,0,,,0.12
11/25/2024 9:25:32,1.16.3,RevT_R,0,3.62,,1,Right,Left,696,959,827,0,,,0.14
11/25/2024 9:25:37,1.16.3,RevT_R,0,3.62,,1,Left,Left,697,959,827,0,,,0.18
11/25/2024 9:25:38,1.16.3,RevT_R,0,3.62,2.0,1,Pellet,Left,697,959,828,0,0.30,41.0,
11/25/2024 9:53:09,1.16.3,RevT_R,0,3.62,,1,Right,Left,697,960,828,0,,,0.01
11/25/2024 9:59:58,1.16.3,RevT_R,0,3.62,,1,Left,Left,698,960,828,0,,,0.25
11/25/2024 10:00:00,1.16.3,RevT_R,0,3.62,2.0,1,Pellet,Left,698,960,829,0,0.67,2062.0,
11/25/2024 10:08:23,1.16.3,RevT_R,0,3.62,,1,Left,Left,699,960,829,0,,,0.1
11/25/2024 10:08:25,1.16.3,RevT_R,0,3.62,2.0,1,Pellet,Left,699,960,830,0,0.55,505.0,
11/25/2024 10:10:31,1.16.3,RevT_R,0,3.62,,1,Right,Left,699,961,830,0,,,0.16
11/25/2024 10:14:46,1.16.3,RevT_R,0,3.62,,1,Left,Left,700,961,830,0,,,0.14
11/25/2024 10:14:48,1.16.3,RevT_R,0,3.62,1.0,1,Pellet,Left,700,961,831,0,0.79,383.0,
11/25/2024 10:15:21,1.16.3,RevT_R,0,3.62,,1,Right,Left,700,962,831,0,,,0.17
11/25/2024 10:15:23,1.16.3,RevT_R,0,3.62,,1,Right,Left,700,963,831,0,,,0.09
11/25/2024 10:15:29,1.16.3,RevT_R,0,3.62,,1,Left,Left,701,963,831,0,,,0.08
11/25/2024 10:15:30,1.16.3,RevT_R,0,3.62,2.0,1,Pellet,Left,701,963,832,0,0.30,42.0,
11/25/2024 10:19:29,1.16.3,RevT_R,0,3.62,,1,Right,Left,701,964,832,0,,,0.08
11/25/2024 10:38:40,1.16.3,RevT_R,0,3.62,,1,Left,Left,702,964,832,0,,,0.24
11/25/2024 10:38:44,1.16.3,RevT_R,0,3.62,2.0,1,Pellet,Left,702,964,833,0,1.16,1394.0,
11/25/2024 10:39:09,1.16.3,RevT_R,0,3.62,,1,Right,Left,702,965,833,0,,,0.15
11/25/2024 10:39:11,1.16.3,RevT_R,0,3.62,,1,Right,Left,702,966,833,0,,,0.16
11/25/2024 10:39:14,1.16.3,RevT_R,0,3.62,,1,Left,Left,703,966,833,0,,,0.14
11/25/2024 10:39:16,1.16.3,RevT_R,0,3.62,1.0,1,Pellet,Left,703,966,834,0,0.67,32.0,
11/25/2024 10:39:37,1.16.3,RevT_R,0,3.62,,1,Left,Left,704,966,834,0,,,0.04
11/25/2024 10:39:38,1.16.3,RevT_R,0,3.62,1.0,1,Pellet,Left,704,966,835,0,0.55,22.0,
11/25/2024 10:54:55,1.16.3,RevT_R,0,3.62,,1,Right,Left,704,967,835,0,,,0.12
11/25/2024 11:03:54,1.16.3,RevT_R,0,3.62,,1,Right,Left,704,968,835,0,,,0.09
11/25/2024 11:04:22,1.16.3,RevT_R,0,3.62,,1,Right,Left,704,969,835,0,,,0.25
11/25/2024 11:15:24,1.16.3,RevT_R,0,3.62,,1,Left,Left,705,969,835,0,,,0.03
11/25/2024 11:15:26,1.16.3,RevT_R,0,3.62,1.0,1,Pellet,Left,705,969,836,0,0.42,2148.0,
11/25/2024 11:15:54,1.16.3,RevT_R,0,3.62,,1,Left,Left,706,969,836,0,,,0.06
11/25/2024 11:15:55,1.16.3,RevT_R,0,3.62,1.0,1,Pellet,Left,706,969,837,0,0.24,29.0,
11/25/2024 11:16:16,1.16.3,RevT_R,0,3.62,,1,Left,Left,707,969,837,0,,,0.1
11/25/2024 11:16:18,1.16.3,RevT_R,0,3.62,1.0,1,Pellet,Left,707,969,838,0,0.61,23.0,
11/25/2024 11:16:36,1.16.3,RevT_R,0,3.62,,1,Left,Left,708,969,838,0,,,0.08
11/25/2024 11:16:38,1.16.3,RevT_R,0,3.6,1.0,1,Pellet,Left,708,969,839,0,0.55,20.0,
11/25/2024 11:17:02,1.16.3,RevT_R,0,3.62,,1,Left,Left,709,969,839,0,,,0.17
11/25/2024 11:17:27,1.16.3,RevT_R,0,3.62,2.0,1,Pellet,Left,709,969,840,0,23.62,49.0,
11/25/2024 11:17:51,1.16.3,RevT_R,0,3.62,,1,Left,Left,710,969,840,0,,,0.03
11/25/2024 11:17:54,1.16.3,RevT_R,0,3.62,2.0,1,Pellet,Left,710,969,841,0,0.42,27.0,
11/25/2024 11:18:22,1.16.3,RevT_R,0,3.62,,1,Left,Left,711,969,841,0,,,0.1
11/25/2024 11:18:23,1.16.3,RevT_R,0,3.62,2.0,1,Pellet,Left,711,969,842,0,0.48,29.0,
11/25/2024 11:18:45,1.16.3,RevT_R,0,3.62,,1,Left,Left,712,969,842,0,,,0.08
11/25/2024 11:18:46,1.16.3,RevT_R,0,3.62,1.0,1,Pellet,Left,712,969,843,0,0.30,23.0,
11/25/2024 11:38:11,1.16.3,RevT_R,0,3.62,,1,Left,Left,713,969,843,0,,,0.04
11/25/2024 11:38:13,1.16.3,RevT_R,0,3.62,1.0,1,Pellet,Left,713,969,844,0,0.85,1167.0,
11/25/2024 11:38:43,1.16.3,RevT_R,0,3.62,,1,Right,Left,713,970,844,0,,,0.02
11/25/2024 11:38:47,1.16.3,RevT_R,0,3.62,,1,Right,Left,713,971,844,0,,,0.19
11/25/2024 11:38:57,1.16.3,RevT_R,0,3.62,,1,Right,Left,713,972,844,0,,,0.2
11/25/2024 11:54:34,1.16.3,RevT_R,0,3.62,,1,Right,Left,713,973,844,0,,,0.03
11/25/2024 11:54:43,1.16.3,RevT_R,0,3.62,,1,Left,Left,714,973,844,0,,,0.17
11/25/2024 11:54:44,1.16.3,RevT_R,0,3.62,1.0,1,Pellet,Left,714,973,845,0,0.49,991.0,
11/25/2024 11:55:09,1.16.3,RevT_R,0,3.62,,1,Right,Left,714,974,845,0,,,0.0
11/25/2024 11:55:20,1.16.3,RevT_R,0,3.62,,1,Left,Left,715,974,845,0,,,0.23
11/25/2024 11:55:22,1.16.3,RevT_R,0,3.62,1.0,1,Pellet,Left,715,974,846,0,0.55,38.0,
11/25/2024 11:55:41,1.16.3,RevT_R,0,3.62,,1,Left,Left,716,974,846,0,,,0.08
11/25/2024 11:55:42,1.16.3,RevT_R,0,3.62,1.0,1,Pellet,Left,716,974,847,0,0.48,20.0,
11/25/2024 11:56:09,1.16.3,RevT_R,0,3.62,,1,Left,Left,717,974,847,0,,,0.11
11/25/2024 11:56:11,1.16.3,RevT_R,0,3.62,2.0,1,Pellet,Left,717,974,848,0,0.73,29.0,
11/25/2024 11:56:34,1.16.3,RevT_R,0,3.62,,1,Left,Left,718,974,848,0,,,0.19
11/25/2024 11:56:37,1.16.3,RevT_R,0,3.62,2.0,1,Pellet,Left,718,974,849,0,0.24,26.0,
11/25/2024 11:58:00,1.16.3,RevT_R,0,3.62,,1,Right,Left,718,975,849,0,,,0.13
11/25/2024 12:18:23,1.16.3,RevT_R,0,3.62,,1,Right,Left,718,976,849,0,,,0.08
11/25/2024 12:30:48,1.16.3,RevT_R,0,3.62,,1,Right,Left,718,977,849,0,,,0.17
11/25/2024 12:31:02,1.16.3,RevT_R,0,3.62,,1,Left,Left,719,977,849,0,,,0.02
11/25/2024 12:31:03,1.16.3,RevT_R,0,3.62,1.0,1,Pellet,Left,719,977,850,0,0.79,2066.0,
11/25/2024 12:31:27,1.16.3,RevT_R,0,3.62,,1,Left,Right,720,977,850,0,,,0.08
11/25/2024 12:31:32,1.16.3,RevT_R,0,3.62,,1,Left,Right,721,977,850,0,,,0.08
11/25/2024 12:31:34,1.16.3,RevT_R,0,3.62,,1,Left,Right,722,977,850,0,,,0.13
11/25/2024 12:31:36,1.16.3,RevT_R,0,3.62,,1,Left,Right,723,977,850,0,,,0.16
11/25/2024 12:31:37,1.16.3,RevT_R,0,3.62,,1,Left,Right,724,977,850,0,,,0.08
11/25/2024 12:31:39,1.16.3,RevT_R,0,3.62,,1,Left,Right,725,977,850,0,,,0.05
11/25/2024 12:31:42,1.16.3,RevT_R,0,3.62,,1,Left,Right,726,977,850,0,,,0.13
11/25/2024 12:47:18,1.16.3,RevT_R,0,3.62,,1,Left,Right,727,977,850,0,,,0.18
11/25/2024 12:53:45,1.16.3,RevT_R,0,3.62,,1,Left,Right,728,977,850,0,,,0.08
11/25/2024 13:01:01,1.16.3,RevT_R,0,3.62,,1,Left,Right,729,977,850,0,,,0.28
11/25/2024 13:01:34,1.16.3,RevT_R,0,3.62,,1,Right,Right,729,978,850,0,,,0.21
11/25/2024 13:01:35,1.16.3,RevT_R,0,3.62,2.0,1,Pellet,Right,729,978,851,0,0.67,1832.0,
11/25/2024 13:01:58,1.16.3,RevT_R,0,3.62,,1,Right,Right,729,979,851,0,,,0.09
11/25/2024 13:01:59,1.16.3,RevT_R,0,3.62,2.0,1,Pellet,Right,729,979,852,0,0.24,24.0,
11/25/2024 13:02:20,1.16.3,RevT_R,0,3.62,,1,Right,Right,729,980,852,0,,,0.17
11/25/2024 13:02:22,1.16.3,RevT_R,0,3.62,1.0,1,Pellet,Right,729,980,853,0,0.36,23.0,
11/25/2024 13:02:47,1.16.3,RevT_R,0,3.62,,1,Right,Right,729,981,853,0,,,0.13
11/25/2024 13:02:49,1.16.3,RevT_R,0,3.62,2.0,1,Pellet,Right,729,981,854,0,0.85,27.0,
11/25/2024 13:03:26,1.16.3,RevT_R,0,3.62,,1,Left,Right,730,981,854,0,,,0.04
11/25/2024 13:03:27,1.16.3,RevT_R,0,3.62,,1,Left,Right,731,981,854,0,,,0.17
11/25/2024 13:03:29,1.16.3,RevT_R,0,3.62,,1,Left,Right,732,981,854,0,,,0.17
11/25/2024 13:03:31,1.16.3,RevT_R,0,3.62,,1,Right,Right,732,982,854,0,,,0.07
11/25/2024 13:03:32,1.16.3,RevT_R,0,3.62,1.0,1,Pellet,Right,732,982,855,0,0.85,43.0,
11/25/2024 13:08:22,1.16.3,RevT_R,0,3.62,,1,Right,Right,732,983,855,0,,,0.02
11/25/2024 13:16:28,1.16.3,RevT_R,0,3.62,2.0,1,Pellet,Right,732,983,856,0,Timed_out,776.0,
11/25/2024 13:30:03,1.16.3,RevT_R,0,3.62,,1,Right,Right,732,984,856,0,,,0.28
11/25/2024 13:30:06,1.16.3,RevT_R,0,3.62,2.0,1,Pellet,Right,732,984,857,0,0.48,818.0,
11/25/2024 13:30:32,1.16.3,RevT_R,0,3.62,,1,Right,Right,732,985,857,0,,,0.05
11/25/2024 13:30:36,1.16.3,RevT_R,0,3.62,2.0,1,Pellet,Right,732,985,858,0,0.42,30.0,
11/25/2024 13:33:52,1.16.3,RevT_R,0,3.62,,1,Left,Right,733,985,858,0,,,0.04
11/25/2024 13:37:21,1.16.3,RevT_R,0,3.62,,1,Left,Right,734,985,858,0,,,0.39
11/25/2024 13:37:24,1.16.3,RevT_R,0,3.62,,1,Right,Right,734,986,858,0,,,0.17
11/25/2024 13:37:26,1.16.3,RevT_R,0,3.62,1.0,1,Pellet,Right,734,986,859,0,0.49,410.0,
11/25/2024 13:47:29,1.16.3,RevT_R,0,3.61,,1,Right,Right,734,987,859,0,,,0.13
11/25/2024 13:47:31,1.16.3,RevT_R,0,3.62,1.0,1,Pellet,Right,734,987,860,0,1.10,605.0,
11/25/2024 13:48:05,1.16.3,RevT_R,0,3.62,,1,Right,Right,734,988,860,0,,,0.1
11/25/2024 13:48:06,1.16.3,RevT_R,0,3.62,1.0,1,Pellet,Right,734,988,861,0,0.67,35.0,
11/25/2024 13:48:30,1.16.3,RevT_R,0,3.61,,1,Right,Right,734,989,861,0,,,0.07
11/25/2024 13:48:31,1.16.3,RevT_R,0,3.62,1.0,1,Pellet,Right,734,989,862,0,0.55,25.0,
11/25/2024 13:56:11,1.16.3,RevT_R,0,3.61,,1,Right,Right,734,990,862,0,,,0.18
11/25/2024 13:56:13,1.16.3,RevT_R,0,3.62,1.0,1,Pellet,Right,734,990,863,0,1.46,462.0,
11/25/2024 14:11:09,1.16.3,RevT_R,0,3.62,,1,Right,Right,734,991,863,0,,,0.17
11/25/2024 14:11:10,1.16.3,RevT_R,0,3.62,2.0,1,Pellet,Right,734,991,864,0,0.61,897.0,
11/25/2024 14:11:41,1.16.3,RevT_R,0,3.62,,1,Right,Right,734,992,864,0,,,0.1
11/25/2024 14:11:42,1.16.3,RevT_R,0,3.62,2.0,1,Pellet,Right,734,992,865,0,0.24,32.0,
11/25/2024 14:12:10,1.16.3,RevT_R,0,3.62,,1,Right,Right,734,993,865,0,,,0.39
11/25/2024 14:12:12,1.16.3,RevT_R,0,3.62,2.0,1,Pellet,Right,734,993,866,0,0.55,30.0,
11/25/2024 14:12:41,1.16.3,RevT_R,0,3.62,,1,Right,Right,734,994,866,0,,,0.07
11/25/2024 14:12:43,1.16.3,RevT_R,0,3.62,2.0,1,Pellet,Right,734,994,867,0,0.18,31.0,
11/25/2024 14:27:57,1.16.3,RevT_R,0,3.61,,1,Left,Right,735,994,867,0,,,0.23
11/25/2024 14:28:02,1.16.3,RevT_R,0,3.62,,1,Right,Right,735,995,867,0,,,0.07
11/25/2024 14:28:06,1.16.3,RevT_R,0,3.62,2.0,1,Pellet,Right,735,995,868,0,2.94,923.0,
11/25/2024 14:28:43,1.16.3,RevT_R,0,3.62,,1,Right,Right,735,996,868,0,,,0.07
11/25/2024 14:28:44,1.16.3,RevT_R,0,3.62,2.0,1,Pellet,Right,735,996,869,0,0.30,38.0,
11/25/2024 14:29:18,1.16.3,RevT_R,0,3.62,,1,Right,Right,735,997,869,0,,,0.07
11/25/2024 14:29:19,1.16.3,RevT_R,0,3.62,1.0,1,Pellet,Right,735,997,870,0,0.30,35.0,
11/25/2024 14:29:41,1.16.3,RevT_R,0,3.62,,1,Right,Right,735,998,870,0,,,0.1
11/25/2024 14:29:42,1.16.3,RevT_R,0,3.62,1.0,1,Pellet,Right,735,998,871,0,0.24,23.0,
11/25/2024 14:30:33,1.16.3,RevT_R,0,3.62,,1,Right,Right,735,999,871,0,,,0.06
11/25/2024 14:30:34,1.16.3,RevT_R,0,3.62,1.0,1,Pellet,Right,735,999,872,0,0.36,52.0,
11/25/2024 14:31:39,1.16.3,RevT_R,0,3.62,,1,Right,Right,735,1000,872,0,,,0.09
11/25/2024 14:31:41,1.16.3,RevT_R,0,3.61,1.0,1,Pellet,Right,735,1000,873,0,0.55,66.0,
11/25/2024 14:32:21,1.16.3,RevT_R,0,3.62,,1,Right,Right,735,1001,873,0,,,0.4
11/25/2024 14:32:22,1.16.3,RevT_R,0,3.62,1.0,1,Pellet,Right,735,1001,874,0,0.24,42.0,
11/25/2024 14:59:52,1.16.3,RevT_R,0,3.62,,1,Right,Right,735,1002,874,0,,,0.0
11/25/2024 14:59:55,1.16.3,RevT_R,0,3.62,2.0,1,Pellet,Right,735,1002,875,0,1.59,1653.0,
11/25/2024 15:00:21,1.16.3,RevT_R,0,3.62,,1,Right,Left,735,1003,875,0,,,0.05
11/25/2024 15:00:27,1.16.3,RevT_R,0,3.62,,1,Right,Left,735,1004,875,0,,,0.04
11/25/2024 15:07:24,1.16.3,RevT_R,0,3.62,,1,Right,Left,735,1005,875,0,,,0.08
11/25/2024 15:07:26,1.16.3,RevT_R,0,3.62,,1,Right,Left,735,1006,875,0,,,0.07
11/25/2024 15:07:30,1.16.3,RevT_R,0,3.62,,1,Right,Left,735,1007,875,0,,,0.18
11/25/2024 15:07:36,1.16.3,RevT_R,0,3.61,,1,Left,Left,736,1007,875,0,,,0.0
11/25/2024 15:07:38,1.16.3,RevT_R,0,3.62,1.0,1,Pellet,Left,736,1007,876,0,0.73,463.0,
11/25/2024 15:09:29,1.16.3,RevT_R,0,3.62,,1,Right,Left,736,1008,876,0,,,0.09
11/25/2024 15:09:33,1.16.3,RevT_R,0,3.62,,1,Right,Left,736,1009,876,0,,,0.07
